2873825735738573859476020492596948649629496249717;
7664992313008918236977211412910130800399425670702503643551476623493679890787062063547882061505697814057305052929801040264761076662492447105317357252788527;
1457872567205293335814477132071849632453552864031138793244094012032641669938107233950162457826864071004561487382195476003583744649291185127122168774450172;
6513383146781514625030778825327897847455818159601805238207187913006663193547364532795538975416643743234045402412772195238742384241082145913862477173428524;
952658166956238299981816222139345264121795595827;
1755534230567637919850361910465491246278358458914;
2431957137087126863702444255566766682843187838114;
2345543097959176622233233619505665401590357914743;
2175004861416628359530549732348334718290640338391;
1400444656479487688334161237901710765517747295872;
2442344922896013181856331713440291764370618596263;
1825189263127644130932628598081095923222116424068;
2256134531645816098559228430685784082024214996865;
925344588356464297345602347962653002814367531310;
422764574442677803090928931442686569529386806500;
2848905482009943272687015718096890023124071657172;
64668415345148171054708475291557268940380834442;
1856961045085382012176826487491422188063262433563;
504181392528939873760131678943869806933357213446;
521431345925760628497588104004327469172276422385;
457727136684405948205826552497633215346626550927;
1665631881176361364636648019646342766490998215623; 
253664004051565501619551153679351994155932220315;
2305366116552411609434861122918080184297912605016;
75769082114922007709605668442747218051157198912;
829848626454124177167258843252667269528464968176;
346094208241199714356733996371557661229668293966;
162528673906919980446761466596382449261907197312;
245726451479253753230640333966966225971130628813;
1142905829559024197886436674875048707099808719226;
2476302848484103402147026273494786450856323456017;
100919685867944825293060965484647275157335349015;
2513041252685049119489404360367133908530156957739;
224435278654147099385019252192932064866068947575;
1678472035818669445001763588266320557045078042866;
768221230506133001829668540779743320031682456026;
