    41    467    334    500    169    724      0
   478    358    962    464    705    145      3
   281    827    961    491    995    942      3
   827    436    391    604    902    153      1
   292    382    421    716    718    895      3
   447    726    771    538    869    912      3
   667    299     35    894    703    811      0
   322    333    673    664    141    711      0
   253    868    547    644    662    757      3
    37    859    723    741    529    778      3
   316     35    190    842    288    106      1
    40    942    264    648    446    805      0
   890    729    370    350      6    101      1
   393    548    629    623     84    954      0
   756    840    966    376    931    308      3
   944    439    626    323    537    538      2
   118     82    929    541    833    115      3
   639    658    704    930    977    306      2
   673    386     21    745    924     72      1
   270    829    777    573     97    512      1
   986    290    161    636    355    767      0
   655    574     31     52    350    150      1
   941    724    966    430    107    191      1
     7    337    457    287    753    383      2
   945    909    209    758    221    588      0
   422    946    506     30    413    168      1
   900    591    762    655    410    359      1
   624    537    548    483    595     41      3
   602    350    291    836    374     20      1
   596     21    348    199    668    484      2
   281    734     53    999    418    938      2
   900    788    127    467    728    893      0
   648    483    807    421    310    617      0
   813    514    309    616    935    451      2
   600    249    519    556    798    303      3
   224      8    844    609    989    702      3
   195    485     93    343    523    587      0
   314    503    448    200    458    618      2
   580    796    798    281    589    798      3
     9    157    472    622    538    292      3
    38    179    190    657    958    191      0
   815    888    156    511    202    634      0
   272     55    328    646    362    886      0
   875    433    869    142    844    416      3
   881    998    322    651     21    699      1
   557    476    892    389     75    712      0
   600    510      3    869    861    688      3
   401    789    255    423      2    585      2
   182    285     88    426    617    757      0
   832    932    169    154    721    189      1
   976    329    368    692    425    555      2
   434    549    441    512    145     60      1
   718    753    139    423    279    996      2
   687    529    549    437    866    949      0
   193    195    297    416    286    105      3
   488    282    455    734    114    701      0
   316    671    786    263    313    355      3
   185     53    912    808    832    945      0
   313    756    321    558    646    982      0
   481    144    196    222    129    161      0
   535    450    173    466     44    659      0
   292    439    253     24    154    510      0
   745    649    186    313    474     22      1
   168     18    787    905    958    391      2
   202    625    477    414    314    824      2
   334    874    372    159    833     70      1
   487    297    518    177    773    270      2
   763    668    192    985    102    480      3
   213    627    802     99    527    625      3
   543    924     23    972     61    181      1
     3    432    505    593    725     31      2
   492    142    222    286     64    900      0
   187    360    413    974    270    170      1
   235    833    711    760    896    667      2
   285    550    140    694    695    624      3
    19    125    576    694    658    302      3
   371    466    678    593    851    484      2
    18    464    119    152    800     87      1
    60    926     10    757    170    315      1
   576    227     43    758    164    109      1
   882     86    565    487    577    474      0
   625    627    629    928    423    520      1
   902    962    123    596    737    261      1
   195    525    264    260    202    116      1
    30    326     11    771    411    547      3
   153    520    790    924    188    763      0
   940    851    662    829    900    713      2
   958    578    365      7    477    200      1
    58    439    303    760    357    324      1
   477    108    113    887    801    850      0
   460    428    993    384    405    540      2
   111    704    835    356     72    350      1
   823    485    556    216    626    357      3
   526    357    337    271    869    361      2
   896     22    617    112    717    696      2
   585     41    423    129    229    565      0
   559    932    296    855     53    962      1
   584    734    654    972    457    369      1
   532    963    607    483    911    635      3
    67    848    675    938    223    142      1
   754    511    741    175    459    825      0
   221    870    626    934    205    783      1
   850    398    279    701    193    734      0
   637    534    556    993    176    705      0
   962    548    881    300    413    641      3
   855    855    142    462    611    877      0
   424    678    752    443    296    673      1
    40    313    875     72    818    610      3
    17    932    112    695    169    831      0
    40    488    685     90    497    589      3
   990    145    353    314    651    740      2
    44    258    335    759    192    605      0
   264    181    503    829    775    608      3
   292    997    549    556    561    627      3
   467    541    129    240    813    174      1
   601     77    215    683    213    992      0
   824    601    392    759    670    428      2
    27     84     75    786    498    970      0
   287    847    604    503    221    663      1
   706    363     10    171    489    240      0
   164    542    619    913    591    704      0
   818    232    750    205    975    539      3
   303    422     98    247    584    648      2
   971    864    913     75    545    712      2
   546    678    769    262    519    985      2
   289    944    865    540    245    508      1
   318    870    601    323    132    472      1
   152     87    570    763    901    103      2
   423    527    600    969     15    565      0
    28    543    347     88    943    637      2
   409    463     49    681    588    342      2
   608     60    221    758    954    888      0
   146    690    949    843    430    620      1
   748     67    536    783     35    226      0
   185     38    853    629    224    748      0
   923    359    257    766    944    955      3
   318    726    411     25    355      1      1
   549    496    584    515    964    342      2
    75    913    142    196    948     72      1
   426    606    173    429    404    705      0
   626    812    375     93    565     36      0
   736    141    814    994    256    652      0
   936    838    482    355     15    131      1
   230    841    625     11    637    186      3
   690    650    662    634    893    353      2
   416    452      8    262    233    454      0
   303    634    303    256    148    124      1
   317    213    109     28    200     80      0
   318    858     50    155    361    264      1
   903    676    643    909    902    561      2
   489    948    282    653    674    220      2
   402    923    831    369    878    259      3
     8    619    971      3    945    781      2
   504    392    685    313    698    589      3
   722    938     37    410    461    234      1
   508    961    959    493    515    269      3
   937    869     58    700    971    264      1
   117    215    555    815    330     39      3
   212    288     82    954     85    710      0
   484    774    380    815    951    541      2
   115    679    110    898     73    788      0
   977    132    956    689    113      8      3
   941    790    723    363     28    184      1
   778    200     71    885    974     71      1
   333    867    153    295    168    825      2
   676    629    650    598    309    693      1
   686     80    116    249    667    528      0
   679    864    421    405    826    816      3
   516    726    666     87    681    964      2
   340    686     21    662    721     64      1
   309    415    902    873    124    941      2
   745    762    423    531    806    268      1
   318    602    907    307    481     12      1
   136    630    114    809     84    556      0
   290    293    996    152     54    345      3
   708    248    491    712    131    114      3
   439    958    722    704    995     52      1
   269    479    238    423    918    866      0
   659    498    486    196    462    633      2
   158     22    146    392     37    925      0
   647    458    602    807     98    830      0
   292    600    278    799    352    448      3
   882    540    315    575    762    567      3
   336    397    418    897    828    851      3
   816    230    449    925    658    229      2
   520    940    560    147    162    655      2
   675    792    361    754    398    146      1
   714    946    188    569    638    663      2
    75    515    521    475    615    528      2
   234    570    905    464    557    962      3
   161    524    549    469    330    923      2
   350    333    925    910    737    336      2
   337    278    393    636    714    164      2
   591    949    135    505    337      4      1
   337    623    664    970    608    568      3
   281     85    152    373    652    194      3
   876    826    396    572    249    640      1
   174    819    943    611    941    289      3
   419    565    805    585    216    450      1
   615    609     64    166    893     74      1
   509    300    695    573    589    161      0
   172    968    358     31    268    426      1
   510    422    774    779    910    552      3
   182    391    495    764    874    364      2
   902    255    460    474    972    821      3
   122    547    577    789    605    195      2
   594    950    343    754    481     12      1
   672    439    428    912    762    967      3
   408    415    908    223    759    434      3
   204    486    319    958    945    806      3
   166    700    367    692    787    532      2
   556    974    447     21    283    222      1
   331    376    583    948    723    982      3
    18    776    220    111    182    856      2
   490    925    324    486    677    969      3
   643    534    677    668     68    991      0
   196    783    828    727    426    871      1
   697    612    703     27    408    545      3
   508    185    238    237    443    313      0
   501    850    128    111    650    149      1
   192    454    869    681    465    267      0
   713    793    634    472    972    830      3
   901    442    177    877    770    702      3
   364    381    590    823    237     23      1
   179    595    169    327     42    310      0
   182     58    926    487    670    528      3
   651    258    213    860    783    286      1
   742    610    472    128    434    841      2
   718    503    867    865    938    881      3
   257    750    614    598    458    661      1
    63    756    807    278    489    435      2
   365     75    586    386    833    360      3
   330     48    928    492    433    840      0
   766    735    810    599    837    892      3
   982    328    352    369    244    794      0
   608    252    647    432    535    208      3
   264    497    243    649     15    841      0
   189    100    812    648    523    851      0
   474    633    891    200    854    990      2
   697    919    780    578    931    544      3
   340    487    899    525    483    538      0
   492    193    252     11    560    834      2
   840    497    785    529    540    805      0
   791    392    210    549    578    979      0
   971    277     73    193    620    497      0
   826    276    790    582    578    159      3
   418    489    159    449    924     72      1
   380      8    967    208    477    503      3
   370    607    196     74    722    611      2
    19    761     56    890    163    683      0
   716    932    452    741    954    813      2
   862    396    460    615    904    599      3
   136    680    198     32    387    584      2
   240    517      6    670    241    882      0
   249    523    758    105    621     95      3
   296    916    678    178    579     58      3
   577    750      7    729     81    995      0
   678    676    753    899    784    565      2
    93    608    172    243    929    514      2
   168     55    191    973    922    748      0
   651    986    144    446    577    517      0
   629    916    874    791    469    912      1
   146    693     91    815    949    857      3
   640     52    236    551    487    226      3
   162    955    183    394    180     97      1
    65     65    513    261    578     78      3
   878    140    611    947    445    170      2
   975    489    750    149    333    865      2
   214    282      7    432    896    367      1
   522    882    810    641    231    187      1
   705    479    321    538    351    447      2
   208    646    276    759    189    422      3
   666    486    455     28    614    860      2
   253    777    348    503    861    431      2
    82    455    197    106    752    821      2
   296    281     21    455    947    124      1
   318    135    376    774    859    998      0
    74    253    922    635    643    888      0
   153    232    747    680    926    678      3
   450    801    961    199    855    363      3
   716    573    561    245    473    274      0
   550    353    181    287    699    110      2
   643    465    172    529    981    112      1
   476    381    247    890    671    805      3
   372     32    989    320    165    431      3
   658    293    206    578    948    206      1
   171    166    396    697     20    694      0
   529    788    109    984    969    978      3
   617     15    626    684    168    906      0
   928     97    118    390    199    785      0
   486    199    420    710    271    813      2
   415     85    318    580    331    267      3
   387    444    186    507    360    827      0
    74    431    152    271    268    693      0
   885    337    311    604    677    406      1
   768     22    413      0    542    537      2
    38    388    355    289    647    181      2
    93    584    987    761    493    217      1
   501    482    447    665    753    104      2
    84     95    525    221    964    781      2
   872    106    656    343    593     80      0
    80    868    411    713    968    251      2
   216     79    768     40    531    933      2
   779    663    259    653    936     95      1
   365    874    720    835    680    976      3
   455    725     71    808    559    156      1
   602    832    905    440    375    562      1
   885    962     80    836    797    202      1
   508     80    340     76     58    493      0
   740    546    474    773     97    880      0
   335     72    400    707    955    666      2
   141    588    481    168    315    396      2
   225      9     12    136    455    762      0
    43    742     21    922    512    248      1
    18    368    717    714    650    290      2
   335    759    169    895    303    640      3
   979    199    105    791    661    681      3
   652    753     33     29    987     42      1
   253     83    420    814    718    244      2
    63    229    652    864    769    470      2
     5     47    594    487    326    276      0
   323    540    679    990    588    710      3
   271    945    221    470    183    589      0
   955    978    779      6    262    135      3
   487    196     33     88    935    779      2
   993    790    962    965      1    105      1
   807    567    669    134    671    457      3
   998    545    597    218    838    844      2
   372    563     28    264    801    723      0
   490    604    601    227    197    692      0
   771    363    301    363    721    565      2
   421    445    610    495    741     22      3
   812    151     15     55    393    738      0
   279    882    608    654    822    707      3
   245    338    144    290    339    154      0
   604    623    225     78    724    981      2
   330    733    223    594    130    846      0
   987    445    805    616    750    489      3
   338    963    135    697    209    630      0
   224    908    737    474    920    372      3
   293    855    734    561     56    606      0
   184     75    382    119    741    432      2
   684    779    279    283    667    836      2
   125    118    737     28    119    577      0
   737     91    556    795     60    901      0
   793    432    136    580    875    907      0
   184     74    719    790    476     41      3
   351    329    290    974     72    591      0
   189    787    490    239    893     53      3
    63    681    903      5    176    479      3
   695    139    468    998     83    639      2
   515    621    993    826    722    838      1
   828    581    399    978    891     23      2
   943    834    243    349    702    707      0
   502    141    687    346    891    637      2
   413    400    816    690    162    935      0
   126    410    877    382    260    189      3
   705    874    663    722    195    566      1
   360     38    588    811    245    467      0
   425    867    189    542     63    547      0
   502    617     99     23    226    203      0
    48     51    570    636    458    967      0
   456    405    531    962    819    975      3
   556    531    495     44    591    803      2
   388    915    450    319    272    791      3
   383    133    775    642    569    300      3
   954     78    585    257    333    893      0
   490    103    750    233    722    271      3
   611    990    338    641    258     47      1
   352    658    479    302    683    990      2
     2    568    422    895    135      8      2
   361    742    194    699    188    178      1
    42    357    941    847    469    345      1
   380    913    964    710     61    385      1
    73    504    462    703    102     69      1
   154    529    552     74    149    730      2
   244    844     49    118     65    363      1
   552    773    470    731    747    511      2
   869    398    498    103    352    679      2
    53     43    522     88    563    834      2
   850     22    240    911    492    651      0
   580    477    616    876    178    220      1
   615    348    798    179    635    857      3
   883    662    902    262    420    770      2
    22    273    841    686    888    917      3
   717    892    698    267    749     65      3
   389    932    619     81      3    130      1
    28    631    589    152    630    172      3
   864    407    295    428    681    490      2
   610    177     71    236    459    643      0
   840    633     37    893    630    274      2
   993    782    203    461    290    662      0
   307    997    151    423    890    717      2
   640    703    566    883    661    659      3
   245    386    651    765    601    840      3
   209    497    283    250     58    421      0
   175    581    787    271    287    999      0
   504    979    138    700    530    461      2
   118    205    540    828    459    622      0
   398    760     98    935    481    614      3
   567    493    596    161    746    538      0
   670    538    476    555    917    371      2
   760    752    758    433    255     65      1
   726    401     34    759    393    548      3
   273    792    193    933    137    103      1
   690    211    694    668    627    498      3
   989    248    879    647    149    931      0
   669    875    598    449    436    599      3
   123    443    731    154    861    434      3
   385    967    816    393    704    866      3
   953    308    223    684    792    667      2
    48    469    930    811    814     90      1
   427    743    604    599    474    195      1
   506    158    589    858    809    889      3
   447     40    818    364    975     26      3
    89    503     66    412    840    570      1
   676    395    641    986    651    109      2
   187     83     85    390    250    686      0
   755    381    128    502    277    862      0
   424    565    872    832    885    428      2
   646    889    478    883    925    265      0
   260     45    778    821    855    520      2
   927    773    134    251    675    336      1
   334      1    737    310    974    590      3
   356     71     80    935    145    282      1
   825    718    573    712     37    998      0
   905    162    717    692    539     47      3
   946    103    231    115    839    858      2
   829    645    394    199    645    272      2
   675    862     72    773    480    238      1
   897    542    608    203    277    125      2
   134    401     78    382    169    736      0
   478    939    138    721    426    663      0
   677    575    724    981    700    961      3
   862      2    448     95    684     16      3
   137    507    993    284    944    259      3
   821     58    643    668    677    119      3
   857     41    891    264    623    915      0
    72    929    841    715    615    536      3
   957    759    700    452     93    241      1
   829    448    227    798    224    324      0
   274    133    885     38    170    862      0
   629     84    909    878    923     85      2
   400     24    193    105    412    765      0
   767    407    677    784    704    790      3
   834    891    621     85    734    190      3
   542    998     86     18    621    424      1
   597    376    254    669    108    927      0
   493     68    366    102    438    600      0
   819    318    290    984    339    556      0
   808    632    478    814    787    239      2
    74     20    827    554    988    441      3
   798    642      2    321    104    946      2
    56    509    833    708    761    533      3
   686    804    385    142    842    260      1
   161    620    343    578    187    113      1
    63    591    934    415    656    761      3
    12    411    959    251    738    370      3
   124    507      7    584    951    101      1
   489    958    441    790     13    412      1
   855     60     93    472    402    676      0
   543    373    266    651    275    528      0
   532    761    469    503    729    107      1
   892    451    953    392    570    519      3
   472    407    494    505    440    383      2
   262    409    607     38    360    471      2
   171    654    947    514    523    229      1
   489    766    887    756    632    470      3
   739    666    522    283    160    553      2
   705     91    259    386    687    629      2
    42    317     45    356    388    452      2
   154    466    833    760    919    631      3
   738    267    776     98    314    320      3
    53      7    469    216    722    842      2
     7    463    260    947    793    630      3
   717     43    376    314    626    117      3
   334    620    171    792    964    154      1
   866    693    664    775      0    212      1
   100    551    476    379    943    877      0
   789    361    385    272    434    144      3
   561    563    504    946    888    308      0
   157    430    123    464     74    346      0
   837    981    318    611    292    591      3
   832    123    461    991    461    330      2
   498    369    291    400    179    117      0
   317    914    595    441    936    867      3
    28    453    909    973    981    503      2
   569    816    883    367    385    402      3
   230    157    681    567    310    866      0
   687    171    477    245    764    238      3
   671     47    115    592    311    657      2
   405     53    171    580    740    530      0
   675    320    790    377    998    586      3
   604    489    631    744    388    610      1
   718    919    259    927    609    119      1
   479    716    300    396    853    458      1
   830    593    806    849    854    272      2
   160    294     54    333    146    229      0
   471    428    559    241    421    688      2
   366     33    685    270    329    261      3
   860    208    982    162    506    878      0
   979    897    887    538    469    783      3
   540    795    266    633    509    557      3
   317    134     53    135    258    593      0
   843    693    466    951    140     94      1
   937    174    512     97    551    695      2
   817    492    292    237    530    613      2
   296    710    389    628    809    786      3
   744    840    182    569    120    393      1
   292    962    214    527    807    194      1
   705    713     11    913    693    664      2
   203    995    762    381    946    909      3
    48    768    624    511    954    235      2
   127    633    240    862    127    577      0
   817    340    142    100    400    558      0
   476    154    935    430    831    295      3
   537    623    922    927     29    211      1
   211    754    880    253    293    321      3
   785    528    443      0    555    671      2
   270    452    375    631    640    934      0
    40    986    834    248    539    765      0
   796    312    262     52    731    987      2
   464    557    248    556    170    450      0
   182    301    293     99    332     44      0
   331     75      4     50     26     66      0
   738    801    623    843    441    380      3
   695    918    659    363    628    329      3
    88    854    613    979    569    666      3
   679    577    837    402    115    292      1
   723    872    448    323    153    948      2
   395    197    508    908    411    993      2
   665    781    202    610    828    256      1
   705    965     23    769    715    253      1
   805    684    478    145    840    833      2
   285    900    968    994    633    885      3
   348    281     32    256    910    872      0
   982    901    306    635    860    471      2
   527    137    343    768    233    995      0
   171    603    942     11    879     34      3
   512    593    530    161    234    258      1
   926    906    191    443    188    227      0
   719    484    224     93    435    224      1
    94    582    867    627      5    146      1
   686    589    540    237    850    759      2
   578    956    677    403     42    300      1
   811    225    143    595     16    615      0
   804      6    368    641    335    698      0
   325    313     23    312    618    457      0
   396    339     86     94    846     43      1
   522    911    280    455    358    847      2
   870    990    873    327    413    454      2
   896    472    450    241    641    646      2
   525    213    824    929    695    403      2
   594    993     67    187    640     79      1
    41    125    534    860      0    907      0
   621    692    293    117    717    403      2
   943    893    639     11    925     28      3
   978    748    850    892    444    654      1
   623    353     36    547    346    826      0
    61    904    238    571    886    405      2
   299     56    728    267    751     19      0
   991    166    717    846     93    187      1
   421    912    867    299    444    897      3
   201    328    942    104    768    768      3
   641    296    262    720    244    918      0
   625    219    584    174    984    459      2
   149     14    695    503     32    851      0
   537    814    363    651    219    290      1
   917    683    918    584    252    586      1
   269    248    137    397    424    168      0
    27    148    993    382    271    669      2
   893    877     14    104    484    943      2
   495    811    293    892    798    990      3
   299    890    493     74    549    774      2
   314    173     69    218    865    833      2
   238    911    252    463    508    149      1
    88    245    231    920    106    271      1
   368    421    258    157    647    982      2
   238    122    723    906    706    189      2
   156    345    351    923    118    550      0
    97    836    591    406    510    813      0
   651    880    844    743    741    245      1
   578    949    705    514    785    227      3
   624    204    356    917    227    555      0
   102    286    468    698    979    411      2
   489    758    490    775    410    132      1
    89    296    950    112    122    529      0
   672    836    277    553    976    670      2
    85    652    751    397    751      1      3
   435    693     72    916    716    328      1
   511    125    838    296    939    544      2
    56    826    902    758    588     21      1
   586    108    777    628    979    947      3
   549    280    245    128     62    426      0
   719    677     91     47    785    231      1
   406    684    954    769    709    956      1
   421    945    465     16    860    497      3
   335    190    677     49      5    886      0
   388    675    143    377    130    487      0
   555    482    253      0    754    289      2
   488    215      8    310    940    799      0
   997    707    454    304    237    485      2
   499    792    613    612    682    983      3
   351    129    137     33    600    864      0
   683    857    968    710    968    708      3
   641    732    437    684    499    701      3
   869    583    256    692    640     87      1
    12    810    820    835    663    615      3
   897    677    774    134    553    533      3
   878    286    624    734     75    349      0
   712    984    624    792    504    822      2
    55    913    462    473     84    160      1
   122     53    397    822    750    337      2
   917      6    931    197    505    236      3
   357    599    290    898    985    447      2
    84    592    725    996    855    828      3
   338    342    428    795    742     37      2
   506    767     53    793    505    146      1
   609    924    854    465    239    206      1
   209    492    499    175     36     61      1
   647    618     13    727    712    896      0
   909    841    130     90     34    915      2
   286    523    666    344    736     37      3
   416    893    949    971    844    777      3
   285    200    590    285    325    118      3
   668      6    729      8    541    225      3
   536    980    716    470    384    747      3
   328    936    204    700    523    364      1
   411     40    250    504    483    766      0
   141    670    845    506     88    256      1
   107    266    857    678    199    674      2
   155    191    990    832    858    996      0
   917    290    967    707    234    246      1
   462    402    239    426     95    906      2
   314    350    586    279    776    822      2
   879    301    812    676    164    357      0
   570     38    312    144    561    180      3
   200    643    856     61    647    939      2
   808    290    452    979    618    419      2
     7    284    547    977    675    613      3
   709    371    642    339    336    621      0
   501     34    129    358    436    469      0
   897    504    798    202    105    238      3
    32     65    516    481    579     23      3
   727    771    313    382    140    816      2
   488    319    589    513    259    851      0
   271    283    364     38     12    184      0
   759    501    574    733     59    714      0
   649    595    522    541    416    377      2
    52    565    891    138    310    967      2
    55    787    224    222    439    441      2
   648    804    834    368    441    872      3
   668    974    176    137    633    241      1
   745     18     15    974    252    846      0
   956    524    966    581    144    240      1
   334    296    876     27    205     18      3
   291    641    465    191    471    259      3
   700    217     16    943    624     64      1
   505    157    502    666    275     46      3
   632    789     46    145      3    152      1
   901    326    153    184    649    350      0
   405    346     25    970    336    795      3
   793    323    532    856    896    210      2
   776    692    550    290    795    852      3
   350    315     36    361    760    984      0
   729    534     50     82    806    936      2
   584    790    617    182     66    116      1
   388    425    101    610    450    982      0
   621    193     38    754    593    895      0
   280    638    167    420    345    883      0
   865    696    833    390    632    189      2
   839    183    817    129    753    679      3
   613    600    252    145    861    151      1
   318    963    813    907    554    476      3
   617    211    429    264    966    531      2
   942    698    522    155    587    257      3
   158    464    762    510    946     65      3
   380    165    946    540    297     42      3
   464    194    584    270    715    200      3
   206    106    302    696    833    611      0
    67    415    645    175    354    448      0
   919     79    988    321    592    597      3
   197    509    652     71    658    122      3
   859    997    999    899    120    320      1
    36    984    912    915    953    485      3
   741    199    567    208    844    169      3
   681    879    108    207    259    706      2
   849     75     26    124    607    774      0
   884    128    546    145    481    714      2
   149    168    338    307    793    504      2
   105    697    217    955    641    343      2
   133     97    679    736    555    633      0
   954    930    252    904    279    488      3
   870    754     72    176    701    415      1
    86    231    480    975    260    514      0
   938    657    990    438    981    447      3
   242    618     70    631     61    219      1
   781    990    833    672    563    302      3
   502    928    721    898    447    945      1
   406    222    686    794    577    844      0
   683    547    240    485    464    723      0
   337    653    168    130    255    466      0
   858    512    656    318    201    142      3
   276    506    702    684     23    270      1
   312    250    475    311    850    195      3
   488    520    101    183    798    892      2
   848    784    245    187    462    343      1
   258    859    871     16    172    832      2
   441    683     88     15    976    516      2
   298     39    283    205    997    146      3
   769    675    917    387     20     30      2
   442    735    389    373    480     73      1
   777    786    381    785    522    345      2
   979     85    713    935    735    883      0
   186     96    648     85    752    521      2
   260    982    636    688    919    236      2
   792     65    278    198    496    386      0
    11    976    547    121    202    245      1
   702    564    539    572    257    370      1
   920    654    359     80    298    391      1
   960    510    591    867     33    675      0
   136    499    775    790    376    256      1
   272    703     86    967    515    542      3
   495    566    456    186    437    198      1
   626    364     85    665    908    340      1
   360    814    154     12    752    338      1
   706    525    630    249    179     79      3
   313    838    517    421    145    991      3
   969    839    308    565    762    473      2
   681    970    147     53    708    508      1
   715    429     66    689    663    771      2
   541    259    631    572    514    966      0
   988    170    168    199    655    850      2
   444    936    278    406    427    313      1
   523    371    327     73    461    173      2
   934    102    587    417    463    153      3
   126    595    495    213    406    370      2
   859    305    496    833    223    852      0
   879    519    126    793    585    465      3
   371    444    107    271     87     99      0
   519    596    715    552    492    753      0
   257    590    959    357    886    809      3
   865    686     19    259    313    435      0
    28    101    468    869    456    731      0
   578     74    395    843    274    316      0
    24    511    585    722    971     57      2
    95    174     38    183    658    295      0
   722    983    231    503    232    300      1
   590    480    408    505    702    858      0
   818    557    561    120     28    656      0
   713    332     92    182    467    320      2
   358     74    987     94    983    364      3
   264    714    746    390    425    255      3
   163    467    792    231    619    880      2
   718    128    948    720     79     91      3
   766    587    808    126    825    159      3
   518    220     35    314    456    147      0
   156    134    360    751    208    478      0
   294    589    524    976    694     90      2
   189    372    419    301    702    844      0
   523    539    609    827    637    186      0
   416    827    169    623    899    514      2
   415    644    436    669    378    676      3
   858    952    846    137    915    988      2
   616    288    382     74    333    915      2
    56    656     62    616    524    129      1
   442    984    872     49    396     26      3
   582    202    775    416    665    552      3
   759    755    417    844    554    443      2
   824    999    422    121    733    413      3
   917    793    873     60    175     74      2
   985    501    622    208    395     26      3
   720    291    988    929     72    977      0
   193      8    254    922    876    137      2
   816    803     90    912    289    253      1
   979    299    322    902    602    369      1
   654    729    734    438    274    226      1
   463    134    972    348    453    503      3
   307    518    333    437    695    179      1
   661    144    659    961    907    576      2
   472    645    592    972    628    196      0
   811    535    835    229    716    532      3
   956    158    749    620    296    724      0
   120    526    406    983    445    574      3
   691    588    538    664    104    877      0
   353    942      4    623    852    625      2
   611    842    724    149    135    590      2
   146    328    855    804    741    909      0
   381    779    102     83    692    532      2
   312     99    161     47    405    290      0
   569    959    628    139    228    580      2
   471    778    440    456    148    444      1
   745    125    210    698    616    180      1
   815     64    226    472    479    593      0
   482      5    536    333    105    587      0
   732    638    165     64    518    399      1
    32    508    896    438    978    638      3
   245     59    169    744    362    769      0
    49    518    467    558    143     61      1
   603    190    186    226    603      4      3
   300    768    423    347    396    566      0
   230    665    152      0    617    173      1
   786    668    597    579    224    728      1
   260    158    425    267    312    734      0
   452    169    562    570    211    235      3
   890    711     64    750    960    545      2
   767    754    787    217    565    942      2
    88    273    815    579    837    388      3
   269    886    830    809    640    321      3
   319    881    626     20    411    454      3
   893    984    357    999    336    829      2
   950    457    405    365    334     49      3
    94    592    270    119     17    313      0
   253    117    977    160    505    153      3
   591    562    576    854     72    134      1
    16     50    193    945    852    747      0
   521     61    344    259    366    885      0
   439    718    107    268    554     50      1
   432    799     20    735     98    792      0
   916    182     29    316     59    758      0
   583    399    135    357     70    271      0
   342    780    877    406    295    686      1
   403    252    718     35    285    428      3
   678    960    101    949    364    385      1
   626    157    737    841    938    593      2
    96     33    493    768    873    935      0
   109     96    381    561    739    584      3
   923    499    731    849    442    606      1
   850    287     40    769    223    588      0
   467     83    400    158    606    938      2
   463    920    366    758    685     23      2
   229    298    356    470    175    196      3
   683    988    619    946    190    275      1
   469    519    341    197    545    654      2
   158     58    794    791    341    837      0
   900    232    675    736    438    958      0
   580     85     13    284    253    727      0
   285    426    670    536    281    370      3
   549    348     77    199    835    573      2
   137    351    731    617    233    571      0
   376    529    731     44    342    467      0
     0    528    916    634    999    757      3
   240    581    623    941    131    749      0
   539    299    575     99    363    245      3
   726    201    424     83    389    735      2
    24    895    745    170    483    717      2
   392    752    324    773    740    255      1
   468     70    843     30    756    765      2
   114    980    458    358    124      8      1
   311    667    717    928    590     99      1
   580    870    990    412      0     64      2
   275     84    682    911    106    868      0
   644    826    436    366    592    988      3
   838    865    212    947    446    659      3
    52    771    256    110     57    666      2
   250    670    145    925    148    874      0
   774     43    429    536    763     16      3
   858    934    301     61    655    815      2
   174    582    139     82     24    900      2
   575    337    376    300    424    864      2
   537    695    525    629    851    788      0
   794    744    706     75     71    490      3
   884    819    979    195    158    807      2
   845    374    438    156    820    432      2
   766    222    957    553    271    955      0
   389    625     29    128     39    527      0
   394    490    648     54    517    192      3
   530    618    148     56    990    282      2
   743    439    301    493    927    269      1
   393     33    431    592    135     26      3
   842     80    616    961    717    907      2
   920    245    166    121    782    782      2
     6    491    870    615    195    143      1
   763    771    592    935    217    412      1
   881    467    721    952    322    828      0
   230    429    424    699    153    151      1
   794     41    264    383    720    144      3
   388     77    213    202    658    202      3
   753    249     58    575     90    638      0
   823    395    701    205    558    123      3
   287     41     26    530    209    820      0
   935     43    531    674    902    100      2
    71    775      9    430    794    622      0
   736    890     15    452    754    782      0
   933    188    855    960    945    923      3
   542    659    487    943    347    584      3
   389    668    788    198    280    479      3
   707    813    860    447    846    271      3
   182    344    142    448    636    353      1
   549    888    823    825    251    190      1
   639     46    362    775    624     78      2
   985    103    781    377    350     48      3
   170    494    216    729    726     38      1
   915    672    352    862    421    667      3
   128    465    329    259     82    389      0
   986    419    735    140    666    632      3
   485    822      3    161    896    141      1
   150    432    872    361    770    313      3
   165    645    120    810    128    970      0
   621    596      4    514    799    210      1
   269    552    235    471    344    830      0
   382    261    395    151    666     83      3
   710    758    372    295    906     14      1
   452    284    905    812     21    341      0
   575    290    525    611    167    982      0
   783    387    793     50    679    268      3
   274    884    629    335    460    105      1
   511    992    824    550     16     60      1
   801    759    309    923     67    300      1
   225    256    140     48    655    807      2
   449    491    760    382    836    219      2
   270    679    725    519    809    701      3
   631    324    807    725    301    283      1
   969    488    164    963    124    534      0
   770    851    997    724    511     67      1
   265    840    379    955     28    661      1
   432    227    160    139    666    237      2
    48    848    404     48    565    221      1
   133    175    241    514    147    362      0
   954    676    454    658    721    784      3
   688    466    116    856    180    429      0
   537    629    389    843      4    101      1
   384    920    987    136     52    582      1
   528    366    472    193    958    179      2
   983    987    823    397     96    594      1
   901    653    520    503    472     20      1
   932    953    824     33     57    665      2
   732    280    167    966    690    868      0
   926    828    479    144    703    449      3
   833      3    910    240     27    610      0
   527    282    393    187    863    961      2
   565    599    251    318     81    558      0
   103    358    238    178    464    457      2
   572    221    922    756    867    260      2
   298    343    234    841     19    352      0
    62    411    811    793    405    881      0
   651    760    898    271    842    694      3
    84    535    500    955    155    323      1
   650    688    939     10     17    932      2
   948    210    495    419    648    189      3
   171    851    695    223    637    649      0
   800    407    134    884    177    812      0
   641    304    496    162    537    551      2
   851    732    565    938    445    228      1
   194    526    178    745    928    205      1
   149    257    312    401    199    727      0
   692    353    795    542    567    149      3
   376    255    742    748    103    815      0
    47     73    965    749    137    169      3
   331    970     53    768     52    178      1
   156    981    695    586    929    731      2
   278    859    752     89    958    238      3
    54    972    208    656    171    147      1
   503    511    174    819    107    205      1
   599    788    261     45    435    492      1
   732     76    667    403    367    899      0
    54    167    212    114    129    793      0
   977    854     12    831    889    326      2
   647    299    489    674    836    612      3
   387    957    503    491    482    829      3
    27    361    952    496    646    183      0
   597    554     32    102    945    476      2
   224     81    195    623    632    343      1
   602    369    282    989    437    599      3
    35    179    654    652    399    350      3
   132    945    293    871    649    590      2
   204    177    705    319    750    528      3
   228    722    668    785    774    184      1
   651    884     37    915    189    681      3
    74    759    850    546    260    427      1
   233    421    161    818    546    350      2
   263    461    846    458    594    371      3
   945    502    246    420    254    953      2
   760    586    419    735    616    113      1
   335    592     18    265    370    336      0
   525    746    644    512    482    815      3
   105    726    201    773    306     80      1
   593    990    591    214    223    857      2
   700    849    322    285    762    702      3
   268    374    152    848    235    638      0
   762    237    272    792    200    343      0
   519    481    370    991    145    984      0
   714     85     79    399    282    386      0
   119    650    193    185    516    608      2
   888    499    425    896    769    331      2
   814    502    970    537    598     77      1
   398    851    888    463     53    505      1
   741    267    662    655     81    695      0
   618    872     94    670    538    121      1
   445    523    243    365    718    135      1
   937    599    499    192    554    124      2
    31     66    429    722    556    818      0
   875    692    910    361    132    728      1
   522    149    277    826    348    278      1
   777    338    175    944    125    139      1
   821    340    640    966     81    148      1
   547    951    907    551    110    557      1
    77      9    403    576    540     23      3
   574    454    369    906    485    999      3
    48    930    573    658    816    884      3
   373     31    604    783    791    422      0
    10    987    364    568    994    579      2
    23    709    657    141    285    477      3
    23    272    828    435    549    517      3
     9    743    867    265    590    891      2
   369    538    604    776    212    991      0
   693    409    620    197    662    128      3
   100    759    842    440     89    494      1
   642    620    486    146    964    486      3
   271    943    466    474    445    788      3
   349    827    954    504    281    246      2
   757    285    114    350    832    673      2
   943    312    232    883    239    768      0
   589    683    209    987    795    245      1
   912    639    935    248    479    207      3
   230    954    601    940     43    718      1
   412    377    623    472    983    885      3
   686    720    257    702    439    606      3
   276    924    652     37     35    699      2
   316    890    367    606    221    975      0
   520    792    565    547    258    684      0
   531    829    782    705    162    689      1
   923    870    342    282    196    180      1
   969     72    715     51    736    755      2
   174    477    154    729    882    851      3
   769    237    301    676    604     73      1
   161    197    595    125    485     62      3
   229    560    718     73     79    709      0
   662    224    574    682    475    815      0
   343    446    532    568    684    361      1
   472    286    266     89    151    604      2
   233    594     76    598    604    533      1
   468    184    417    964    616     14      2
    66    996    873    148    510    396      3
   941    791    866    589     20    355      1
   948    251     81    271    825    228      2
   173    454    309    430    238    991      2
   739    853    448    567     54    877      1
   490    197     56    773    589    862      0
   536    429    888    539    585    841      0
   167    520    560     47    581    382      0
   606    989    784    403    960    462      3
   732    392    843     63    923    611      3
   740    692    443    270    919    849      3
   112    576    845    486    556    603      1
   364    498    508    878    338    723      0
     5    411    193    117    943    227      2
   514    290    416    801    339    544      0
   236     12    274    433    740    401      3
   183    135    828    633    437    134      3
   577    671    722    263    659    540      2
   368    282    848    366    290    227      3
   458     71    106    305      1    434      0
   770    555    507    299    730     75      3
   803    439    194    488    664    673      0
    48    358    280    487    764    713      0
    13    452    170    978    766    704      3
   416    649    377    837    537    459      3
   432    955    105    526    937    366      1
   914    155    290    446    182    635      0
    93    936    846    238    456    403      0
   714    599     41    925     74    324      1
   344    863    749    276    597    334      3
   647    426     43    244    592    761      0
   269    175    139    696    481    471      1
   268    713    666     30    806    109      3
   290     59    684    546    759    103      3
   606    391     93    196    583    950      2
   557    435     12    667    869    165      1
   903    973    791    516    149    515      1
   118    243    388    497    711     91      2
   874    563    125      7    370    121      1
   727    658    336    275    221    576      2
   799    919    241    611    712    209      1
   635    263    830    514    336    783      0
    32    988    339    705    670    940      3
   868    391    728    985    537    320      2
   124    997    354    703    494    562      2
   865    554    700    302    714    629      3
   794     26    463    528    748    679      2
   351    199      3    442    280     16      0
   290     98    858    730    553    551      3
   262    444    649    485     55    572      0
   889    858    552    129    640    860      2
    46    627     44    422    936    473      1
   154    333    756     51    391    534      3
   931    322     79    202    176    580      0
   269    388    429    885      2    610      0
   327    274    760     99     42     55      3
   393     65    928    572    284    726      0
   798    523    201    587     88    997      2
   652    175    750    678    455    893      0
   630    406    531    489    165    521      0
   127    964    440    113    389    710      2
   488    763    320    188    821    264      1
     3    754    722    316    854    586      3
   425    524    818    302    120    659      0
   488    682    341    574    500    566      3
   222    754    552    850    516    226      1
   486    602    737    901    901    749      3
   967    102    265    881    843    710      0
   508    489    858    184    121    106      3
   586    987    371    490    972    518      2
    73    353    281    662    996    213      2
   451    115    804    785    333    564      0
   504    837    453    784    333    972      1
   921    544    370    257     88    129      1
   297    340    923    901    343    876      0
   731    500    648    613    253    311      1
   693    332    451    814    599    216      2
   212    834    849    252    912    141      2
   209    450    180    569    535    562      3
   365    111    817     11    763    321      3
   606    345    443    850    593    664      3
   442    444    833    736    502     25      1
   559    953      7      6    543    129      1
   751     70    395    228    541     59      3
   220    715    944    178    658    384      3
   738    383    638    737    635     30      2
   782    315     80     21    425    752      0
   204    446    412      4     45    825      0
   244    549    994    529    132      9      1
   316    429    761    133    930    746      3
   532    283    873    439    880    835      3
   987    570    589    629    560    521      3
   597    189    163    444    621    705      0
   815    713    334    999    137    615      1
   164     58    511    383    846    943      0
   737    831    655    251    351    290      3
    52    295    420     61    360    767      2
   273     34    133    191    301    378      2
   387    879    500    615    709     72      1
    61    952    970    823     64    537      1
    50    610    791    978    443    161      1
   821    718    298    183    933    695      2
   709     72    468    703    864    845      0
   849     50    646    142    444    155      3
   459    768    885    301    768    847      3
   606    187    535    309    364    633      2
   351    140    625    724    346    200      3
   838     31    221    217    624    584      0
   815    344    352     19     70    367      0
   919    174    487     30    345    716      2
    44    699    162    685    115    321      1
   502    541    804    573    733    452      3
   811    229    224    159    983    665      2
   845    950    826    591    897    213      3
   371    986    662    190    584    906      2
   418    622    719    666    218    991      0
   959    566    103    279    498    867      2
   345    103    430     20     25    534      2
   821    833    235    287    393    827      2
   348    624    692    918    800    244      2
   431     86    695    508    753    597      3
   192    121    819    907     71     22      1
   561    991     52    251    523    965      2
   956    980     61    465    523    300      1
   828    235    953    612    682    876      0
   157    289    292    199    776    461      2
   842    131    660    700    638     80      3
   620    545    929    168    141    762      0
   834    633    270     82      0    560      0
   364    141     99    336    665    833      0
    29    827    254     28    319    984      2
   110    168    417    397    125    406      0
   410    463     48    690    969    344      1
   599    643    155    464    537    558      0
   206    911    414    947    293    129      1
   587     80     85    764    234     76      1
    15    118    384    847    648    547      2
   555    832    781    837    427    896      2
   859    324    799    653    701    841      0
   404    729    215    565    650    532      2
    83    719    296    439    778    238      1
   241    803      6    620    670    849      0
   205    524     78    787    984    629      2
   139    898    973    638    815      2      1
    41    485     63    211     66    827      2
   583    930    565     82    982    831      2
   235    290    812    256    802    448      3
   513    126    497     64    215    293      0
   907    437    418    338    424     70      3
   183    345    328     59    483    221      2
   537    560    349    923    883    905      3
   847    313    786    984    409    234      2
   500    970    839    157    668    856      2
   485    592     22    733    735    383      1
   827    499     61     90    135    100      0
   479    573    906    885    245    209      1
   836    981    939    699    101    407      1
   195    219     84    427    355    560      2
   133    452    800    603    688    398      3
   875    569    304    990    843    557      3
   857    319    875    149    190    946      0
   798    467    346    509     80    479      0
   981    207    719    138    425    699      2
   770     14    510    355    232    765      0
   618    720    237    264    709    703      0
   544     50    541    301    344    427      3
   141    910    696    824    683     98      1
   640    131    570    754    535    903      0
   445    609    414     32    917    630      2
   318    432    413     90    461    132      1
   635    517    645    321    818    805      3
   333    721    246    970    788    394      2
     8    227    835    577    675    205      3
    50    642    254    318    390    724      2
   979    365    754    171     22    844      0
   267    509    410    872    552    874      3
   977    697    370    941    267    341      3
   617    968     65    321    655    727      2
   914    283    137    932    549    162      1
   882     35    592    135    930    534      2
   520    728    688    724    634    233      1
   603    125    122    782    760     65      1
   930    264    423    322    486    908      2
   638    631    565    426    362    563      1
   378    419    851    741    315     76      1
   168    521     98    587    531    239      1
   339    552    830    474    781    742      3
   118    900    700    234    606    680      0
   790    923    399    168    485    634      3
   455    544    444    708    800    219      2
   518    349    947    580    299    448      0
   684    119    132    340    888    770      2
   297    433    140    622    545    540      3
   727    250     82    247     99     50      0
   730    396    304    331    805     51      1
    82    139    767    370    676    143      3
   556    973    116    957    286    366      1
   433    843    672    814    298    471      2
   937    261    809    920    586    327      2
   441     53    323    528    491    597      2
    99    881    823    310    671    578      3
   993     90    653    234    266    247      3
   113    422    745    974    488     22      1
   377    519     83    966    805    794      3
   646    324    441     89     98    797      2
    66    460    391    573    465    605      3
   806    438    396    518    262    944      0
   726     15    893    323    569    124      0
   218    369    472    670    161     15      1
   825    729    494     37    195    830      2
   549    300    701    794    561    303      2
   992    959    948    206    613    969      2
   639    455    561    651    410    677      0
   576    539    222    502    224    196      1
   849     23    912    723    714    371      3
   808    620    981    156    298    149      3
   145    497    466    443    448    392      2
   531    204    695    294    450    149      2
   951    581    598    845    675    245      2
   584    433    100    399    567    297      1
     9    941    231     99    898    974      2
   387    759    262    145    729    659      2
   324    767    966    968    927     94      1
   849    796    542    923    396    417      3
   411    368     48    781    833    574      3
   688    884    668    468    425    204      1
   844    921    960    911    922    951      3
   700    342    630    425    430    451      0
   720    198    527    480    405    382      3
   425    614    612    204    192      9      1
   938      5    866    666    171     80      3
   964    541     26    886    935    733      3
   251    724     76    292    159    951      2
   596    527    807    287     27    920      0
   805    127    837    710    583    803      0
   137    483    341    635    621    277      1
   278     80    434    711    229    853      0
   930    408    730    448    632    141      2
   670    416     63    818    815    984      3
   509    974    741    885    408    960      1
   748     85    778    101    171    505      3
   401    796    172    109    731    987      2
   670    525    184    802    727    746      3
   688    352    197    989    895    398      1
   951     18    373    257    719    873      2
   915     68    883    610    859    125      3
   596    839    583    518    159    518      1
    61    167    603    166    938    226      0
   193    882    876    760    738    557      3
   780    554     78     61    868    521      2
   673     98    757    258    419    345      3
   901    189    216    956    239    725      0
   125    532    178    421    716    762      0
   287    208    738    530    605    490      3
   799    569    407    253    413    656      2
   785    583    348    593    799    362      1
   606    666    735    219    671    664      3
   599    608    847     14    914    212      2
   507    622    327    492    320    999      0
   898    271    386    192    552    217      2
   524    988    693     89    688    414      3
   296    268    346    358    737    745      2
   568    797    825    647    221    237      1
   643    907    670    549    546     39      1
   252     12     20    431    476    691      0
   525    845     99    416    774     56      1
   677    872    736      8    896    309      3
   132    358    788    744      4    930      0
   727    649    519    868    174    901      0
   361    255    966    927    313    362      1
   780    818    728    289    713    941      3
   223    796    731    840    231    135      1
   632    582    382    250    644    852      2
   457    601    268     33    773    894      2
   419    526    883    533    782    512      3
   436    825     52    812     24    845      0
   296    202    773    758    305    677      0
   358    111    281    650    570    980      2
   253    327    359    716    797    118      2
   718    777    381     65    152    713      2
   371    176    586    874    242    241      0
   509     97    662    248    242    148      3
   592    536    620    617    229    624      0
   781    638    706    561    350    547      1
   458     39    905    981    468    414      2
   601    316    294    967     45    167      1
    39    163    600    774    444    999      0
   525     80    217    824    449     86      0
   674    257    185    215     58    275      0
   230    582    211     37    270    962      2
   591     28    661    612    696    876      0
   100    958    171    191    248    122      1
   698    550    758    728    145    742      0
   438    860    473    477    493    695      3
   404    213     32    525    904    295      1
   221    848    168     84    620     91      1
   838    232    119    337    566    432      0
   262    534    831    637    694    102      2
    11    514    642    269    834    547      3
   730    503     41    606    411    297      1
   737    102     15     63    117    317      0
   999    151    643    538    782    454      3
   887     12    912    922    837    174      2
    91    808    718    851    277    623      1
   852    211    230    589      1     15      0
   487    728     29    921    987    863      3
   327    488    477    714    846    475      2
    82    831    839    619    169    647      0
   362    406    560    752    905    561      3
   720    380    441    550    339    738      0
   124    951      5    940    989    625      2
   482    104    653    380    430    611      3
   606     58    787     51    327    430      3
   622    747    407    296    714    205      1
   949    406    810    515    935    588      3
   785    334    913     23    476    963      2
   177    726    922    707    529    266      1
   627    425    900    248    975    530      2
   757    413     96     16     92    905      2
   251    807    730    703    547    452      3
   255    684    535    594    146    790      0
    36     47    505    607    278    958      0
   281    746    299    422    592    413      1
   808     52     41    791    576    924      0
   657    708    946    958    632    263      1
   627    831    441    679    637    100      1
   637    909    750    654    540    597      3
   827    979     46    139    838     81      0
   898    792    221    697    293    813      0
   206    929    693    351    816    194      3
   238    988    675    971    421    980      1
   683    966     99    756    609    466      2
   668    359    395    184    928     94      2
   332    866    458    266    463    913      3
   431    286    360    166    449    122      3
   260    883    173    966    706    946      3
   474    708    346    670    820    266      1
    69    378    927     38    884    359      2
   767    978     30    921    191    890      0
    93    444    809    507     40    523      0
   222    647    150    225    262    382      1
   969    740      1    855    305    526      3
   287    863    979    966    478    345      3
   209    886    906    720    643    606      3
   442    361    983    938    817    795      1
   709    799    497    795    742    252      2
   367    140    103    855    755     52      1
   856    445    262    997    650    789      0
    65    705    127    447    427    503      0
   276    265    675    246    781    803      2
   815    263    760    316    581    777      0
   533    828    784    703    444    476      3
   374    108    535    402    935    441      3
   786    393    320    414    944    857      0
   912    304    496    691    706    826      3
   216    583    133    511    976    305      1
   665    206     98    418    619    791      0
    24    467    850    934    495    975      2
    75    694    787    465    762    639      3
   508    460    682    586    495    122      1
   935    948    559    119    138    466      3
   373    750     60    341     93    548      2
   406    918    268    212     65    619      2
   127    571    114     42    750    749      2
   728    261    977    736     25    606      0
   465    783    953    405    626    153      1
   165    545    127    780    431    380      1
   183    347    723     81     63    544      0
   249    426    440    662    291     29      1
   698    598    978    727    825    460      3
   269    180    223    347    402    165      0
    82    423     55    187    807    809      0
   330     91    111    544    344     75      0
   689    205    756    724    217    856      0
    48    760    280    650     88    966      0
    67    778    173    843     48    932      0
   576    763    598    335    616    857      3
   980    166    661    491    933    929      2
    85    250    891    693    288    288      3
   786     57    559    827    910    226      2
   290    241    264    666     74    692      0
   148    412    892    216    158    827      0
   159     42    839    163    448    396      3
   250    896    196    678    108    486      0
   437    303    323      1     41    845      0
   630     94    400    993     54    394      0
   204    542    124    569    581    643      0
   827    201    502     23     38    561      0
   834    101    205    900    732    456      1
   636    210    917    593    477    792      0
   910    990    408    775    889     69      1
   391    139    835    306     39    173      3
    69    573    444    827    195    336      1
   395    102    316      7     22    764      0
   948      8    772      8    790    157      3
    47    831     86    696    906    467      2
   814    190    467    605    511    383      3
   653    439    826    942    929    440      2
   527    540    886    443     47    153      1
   470    610    605    709    971    471      2
   242    332    842    420    225    881      0
   718    588    351    252    857    865      2
   975    430    351    102    750    788      2
   747     72    290    219    717    993      2
   760    756     92    693    199     32      1
   849    873    343    933    444    856      3
   486     25    364      0    332     22      3
   145     53    709    895    747    508      0
   319    634    136    123    244    982      2
   490    375    546    439     48    565      0
   962    168    719    469    982    113      3
   287    340    766    633    290    321      3
   636    677    995    906    463    249      1
   620     56    133    566    955     57      1
   421    461    501    660    916    163      2
   738    378    397    334    588    499      2
   470    199    115    366    465    232      0
   874     78    337    800    848    993      2
   958    757    671     58    682    617      3
    65    706    820    312    204    602      1
   197    136    643    116    978    306      3
   624    115    473    160    678    336      3
   719    608    188    782    321    616      3
   223    712    186    170    766     42      1
   268    458    876    662    946    981      3
   753    704    838    597    322    595      1
   911    115    387    221    237    604      0
   578    640    864    566    694    931      0
   365    756    184     65    106    265      1
     0    984    389    402    411    957      3
   807    407    227    686    943     35      1
   112    231    677     49    206    401      3
   435    546    959    576    811    708      3
    90    164    597    725    107    883      0
   415    377     94    380    355    168      0
   934    383    611    316    403    948      0
   200     41    660    273    723    189      3
    32    223    787    178    739    503      2
   137    890    463    177    801    203      3
   913    830    314     99    998    103      1
   598    117    790    868    374    692      0
   448    106    184    848    926    567      0
   235    407    977    471    205     30      1
   920    845    458    759    598     42      1
   808    277     66    633    505    278      1
   290    311    440     17    402    869      2
   543    848    226    760     57    863      0
   646    490    668    526    386    610      0
   649    339    813    162    358    220      3
   437    815    875    372    876    390      3
   429    555     10     77    784    275      1
   435    976    840     48    529    190      3
   633    367    637    323    445      3      3
   994     86    734    452    275    541      0
   925    201    855    304    378    391      3
   433    260    725    826    125    690      0
   189    707    935    847    719    883      3
   614    428    313     48     26    640      2
   727    709    466    565    965    887      3
   473    976    750    653    953    229      3
   509    343    600    771    611    778      3
   763    188    568      2    960    968      2
   373    666    360    418    385      1      1
   485    619    946    613    696    389      3
   894    804    119    219    627     88      1
   461    295    652    643     90    747      0
   965    124    284    525    953    792      0
