827	436	391	604	902	153	1
316	35	190	842	288	106	1
890	729	370	350	6	101	1
673	386	21	745	924	72	1
270	829	777	573	97	512	1
655	574	31	52	350	150	1
941	724	966	430	107	191	1
422	946	506	30	413	168	1
900	591	762	655	410	359	1
602	350	291	836	374	20	1
881	998	322	651	21	699	1
832	932	169	154	721	189	1
434	549	441	512	145	60	1
745	649	186	313	474	22	1
334	874	372	159	833	70	1
543	924	23	972	61	181	1
187	360	413	974	270	170	1
18	464	119	152	800	87	1
60	926	10	757	170	315	1
576	227	43	758	164	109	1
625	627	629	928	423	520	1
902	962	123	596	737	261	1
195	525	264	260	202	116	1
958	578	365	7	477	200	1
58	439	303	760	357	324	1
111	704	835	356	72	350	1
559	932	296	855	53	962	1
584	734	654	972	457	369	1
67	848	675	938	223	142	1
221	870	626	934	205	783	1
424	678	752	443	296	673	1
467	541	129	240	813	174	1
287	847	604	503	221	663	1
289	944	865	540	245	508	1
318	870	601	323	132	472	1
146	690	949	843	430	620	1
318	726	411	25	355	1	1
75	913	142	196	948	72	1
936	838	482	355	15	131	1
303	634	303	256	148	124	1
318	858	50	155	361	264	1
722	938	37	410	461	234	1
937	869	58	700	971	264	1
941	790	723	363	28	184	1
778	200	71	885	974	71	1
676	629	650	598	309	693	1
340	686	21	662	721	64	1
745	762	423	531	806	268	1
318	602	907	307	481	12	1
439	958	722	704	995	52	1
675	792	361	754	398	146	1
591	949	135	505	337	4	1
876	826	396	572	249	640	1
419	565	805	585	216	450	1
615	609	64	166	893	74	1
172	968	358	31	268	426	1
594	950	343	754	481	12	1
556	974	447	21	283	222	1
196	783	828	727	426	871	1
501	850	128	111	650	149	1
364	381	590	823	237	23	1
651	258	213	860	783	286	1
257	750	614	598	458	661	1
418	489	159	449	924	72	1
629	916	874	791	469	912	1
162	955	183	394	180	97	1
214	282	7	432	896	367	1
522	882	810	641	231	187	1
296	281	21	455	947	124	1
643	465	172	529	981	112	1
658	293	206	578	948	206	1
885	337	311	604	677	406	1
93	584	987	761	493	217	1
779	663	259	653	936	95	1
455	725	71	808	559	156	1
602	832	905	440	375	562	1
885	962	80	836	797	202	1
43	742	21	922	512	248	1
652	753	33	29	987	42	1
993	790	962	965	1	105	1
515	621	993	826	722	838	1
705	874	663	722	195	566	1
611	990	338	641	258	47	1
361	742	194	699	188	178	1
42	357	941	847	469	345	1
380	913	964	710	61	385	1
73	504	462	703	102	69	1
244	844	49	118	65	363	1
580	477	616	876	178	220	1
389	932	619	81	3	130	1
760	752	758	433	255	65	1
273	792	193	933	137	103	1
48	469	930	811	814	90	1
427	743	604	599	474	195	1
89	503	66	412	840	570	1
927	773	134	251	675	336	1
356	71	80	935	145	282	1
675	862	72	773	480	238	1
957	759	700	452	93	241	1
542	998	86	18	621	424	1
686	804	385	142	842	260	1
161	620	343	578	187	113	1
124	507	7	584	951	101	1
489	958	441	790	13	412	1
532	761	469	503	729	107	1
171	654	947	514	523	229	1
334	620	171	792	964	154	1
866	693	664	775	0	212	1
604	489	631	744	388	610	1
718	919	259	927	609	119	1
479	716	300	396	853	458	1
843	693	466	951	140	94	1
744	840	182	569	120	393	1
292	962	214	527	807	194	1
537	623	922	927	29	211	1
679	577	837	402	115	292	1
665	781	202	610	828	256	1
705	965	23	769	715	253	1
512	593	530	161	234	258	1
719	484	224	93	435	224	1
94	582	867	627	5	146	1
578	956	677	403	42	300	1
396	339	86	94	846	43	1
594	993	67	187	640	79	1
978	748	850	892	444	654	1
991	166	717	846	93	187	1
537	814	363	651	219	290	1
917	683	918	584	252	586	1
238	911	252	463	508	149	1
88	245	231	920	106	271	1
651	880	844	743	741	245	1
489	758	490	775	410	132	1
435	693	72	916	716	328	1
56	826	902	758	588	21	1
719	677	91	47	785	231	1
406	684	954	769	709	956	1
869	583	256	692	640	87	1
55	913	462	473	84	160	1
506	767	53	793	505	146	1
609	924	854	465	239	206	1
209	492	499	175	36	61	1
328	936	204	700	523	364	1
141	670	845	506	88	256	1
917	290	967	707	234	246	1
668	974	176	137	633	241	1
956	524	966	581	144	240	1
700	217	16	943	624	64	1
632	789	46	145	3	152	1
584	790	617	182	66	116	1
613	600	252	145	861	151	1
859	997	999	899	120	320	1
870	754	72	176	701	415	1
242	618	70	631	61	219	1
502	928	721	898	447	945	1
276	506	702	684	23	270	1
848	784	245	187	462	343	1
442	735	389	373	480	73	1
11	976	547	121	202	245	1
702	564	539	572	257	370	1
920	654	359	80	298	391	1
136	499	775	790	376	256	1
495	566	456	186	437	198	1
626	364	85	665	908	340	1
360	814	154	12	752	338	1
681	970	147	53	708	508	1
444	936	278	406	427	313	1
722	983	231	503	232	300	1
56	656	62	616	524	129	1
816	803	90	912	289	253	1
979	299	322	902	602	369	1
654	729	734	438	274	226	1
307	518	333	437	695	179	1
471	778	440	456	148	444	1
745	125	210	698	616	180	1
732	638	165	64	518	399	1
49	518	467	558	143	61	1
230	665	152	0	617	173	1
786	668	597	579	224	728	1
591	562	576	854	72	134	1
439	718	107	268	554	50	1
342	780	877	406	295	686	1
678	960	101	949	364	385	1
923	499	731	849	442	606	1
683	988	619	946	190	275	1
392	752	324	773	740	255	1
114	980	458	358	124	8	1
311	667	717	928	590	99	1
743	439	301	493	927	269	1
6	491	870	615	195	143	1
763	771	592	935	217	412	1
230	429	424	699	153	151	1
182	344	142	448	636	353	1
549	888	823	825	251	190	1
170	494	216	729	726	38	1
485	822	3	161	896	141	1
621	596	4	514	799	210	1
710	758	372	295	906	14	1
274	884	629	335	460	105	1
511	992	824	550	16	60	1
801	759	309	923	67	300	1
631	324	807	725	301	283	1
770	851	997	724	511	67	1
265	840	379	955	28	661	1
48	848	404	48	565	221	1
537	629	389	843	4	101	1
384	920	987	136	52	582	1
983	987	823	397	96	594	1
901	653	520	503	472	20	1
84	535	500	955	155	323	1
851	732	565	938	445	228	1
194	526	178	745	928	205	1
331	970	53	768	52	178	1
54	972	208	656	171	147	1
503	511	174	819	107	205	1
599	788	261	45	435	492	1
224	81	195	623	632	343	1
228	722	668	785	774	184	1
74	759	850	546	260	427	1
760	586	419	735	616	113	1
105	726	201	773	306	80	1
814	502	970	537	598	77	1
398	851	888	463	53	505	1
618	872	94	670	538	121	1
445	523	243	365	718	135	1
875	692	910	361	132	728	1
522	149	277	826	348	278	1
777	338	175	944	125	139	1
821	340	640	966	81	148	1
547	951	907	551	110	557	1
100	759	842	440	89	494	1
589	683	209	987	795	245	1
230	954	601	940	43	718	1
531	829	782	705	162	689	1
923	870	342	282	196	180	1
769	237	301	676	604	73	1
343	446	532	568	684	361	1
233	594	76	598	604	533	1
941	791	866	589	20	355	1
739	853	448	567	54	877	1
112	576	845	486	556	603	1
432	955	105	526	937	366	1
714	599	41	925	74	324	1
269	175	139	696	481	471	1
557	435	12	667	869	165	1
903	973	791	516	149	515	1
874	563	125	7	370	121	1
799	919	241	611	712	209	1
46	627	44	422	936	473	1
488	763	320	188	821	264	1
222	754	552	850	516	226	1
504	837	453	784	333	972	1
921	544	370	257	88	129	1
731	500	648	613	253	311	1
442	444	833	736	502	25	1
559	953	7	6	543	129	1
244	549	994	529	132	9	1
815	713	334	999	137	615	1
387	879	500	615	709	72	1
61	952	970	823	64	537	1
50	610	791	978	443	161	1
44	699	162	685	115	321	1
192	121	819	907	71	22	1
956	980	61	465	523	300	1
410	463	48	690	969	344	1
206	911	414	947	293	129	1
587	80	85	764	234	76	1
83	719	296	439	778	238	1
139	898	973	638	815	2	1
485	592	22	733	735	383	1
479	573	906	885	245	209	1
836	981	939	699	101	407	1
141	910	696	824	683	98	1
318	432	413	90	461	132	1
914	283	137	932	549	162	1
520	728	688	724	634	233	1
603	125	122	782	760	65	1
638	631	565	426	362	563	1
378	419	851	741	315	76	1
168	521	98	587	531	239	1
730	396	304	331	805	51	1
556	973	116	957	286	366	1
113	422	745	974	488	22	1
218	369	472	670	161	15	1
576	539	222	502	224	196	1
584	433	100	399	567	297	1
324	767	966	968	927	94	1
688	884	668	468	425	204	1
425	614	612	204	192	9	1
137	483	341	635	621	277	1
509	974	741	885	408	960	1
688	352	197	989	895	398	1
596	839	583	518	159	518	1
785	583	348	593	799	362	1
568	797	825	647	221	237	1
643	907	670	549	546	39	1
525	845	99	416	774	56	1
361	255	966	927	313	362	1
223	796	731	840	231	135	1
781	638	706	561	350	547	1
601	316	294	967	45	167	1
100	958	171	191	248	122	1
404	213	32	525	904	295	1
221	848	168	84	620	91	1
730	503	41	606	411	297	1
91	808	718	851	277	623	1
622	747	407	296	714	205	1
177	726	922	707	529	266	1
281	746	299	422	592	413	1
657	708	946	958	632	263	1
627	831	441	679	637	100	1
238	988	675	971	421	980	1
474	708	346	670	820	266	1
222	647	150	225	262	382	1
442	361	983	938	817	795	1
367	140	103	855	755	52	1
216	583	133	511	976	305	1
508	460	682	586	495	122	1
465	783	953	405	626	153	1
165	545	127	780	431	380	1
249	426	440	662	291	29	1
834	101	205	900	732	456	1
910	990	408	775	889	69	1
69	573	444	827	195	336	1
527	540	886	443	47	153	1
760	756	92	693	199	32	1
636	677	995	906	463	249	1
620	56	133	566	955	57	1
65	706	820	312	204	602	1
223	712	186	170	766	42	1
753	704	838	597	322	595	1
365	756	184	65	106	265	1
807	407	227	686	943	35	1
913	830	314	99	998	103	1
235	407	977	471	205	30	1
920	845	458	759	598	42	1
808	277	66	633	505	278	1
429	555	10	77	784	275	1
373	666	360	418	385	1	1
894	804	119	219	627	88	1
