=== Run information ===

Scheme:       weka.classifiers.IB1
Relation:     abalone
Instances:    4177
Attributes:   9
              sex
              length
              diameter
              height
              whole_w
              shucked_w
              viscera_w
              shell_w
              ring
Test mode:    10-fold cross-validation

=== Classifier model (full training set) ===

IB1 classifier

Time taken to build model: 0.02 seconds

=== Stratified cross-validation ===
=== Summary ===

Correctly Classified Instances         839               20.0862 %
Incorrectly Classified Instances      3338               79.9138 %
Kappa statistic                          0.1066
Mean absolute error                      0.0551
Root mean squared error                  0.2348
Relative absolute error                 89.1941 %
Root relative squared error            133.5978 %
Total Number of Instances             4177     

=== Detailed Accuracy By Class ===

TP Rate   FP Rate   Precision   Recall  F-Measure   Class
  0         0          0         0         0        1
  0         0          0         0         0        2
  0         0.003      0         0         0        3
  0.333     0.01       0.311     0.333     0.322    4
  0.33      0.019      0.325     0.33      0.328    5
  0.247     0.05       0.248     0.247     0.248    6
  0.274     0.082      0.255     0.274     0.264    7
  0.225     0.12       0.228     0.225     0.227    8
  0.231     0.154      0.228     0.231     0.229    9
  0.235     0.137      0.235     0.235     0.235    10
  0.201     0.109      0.195     0.201     0.198    11
  0.131     0.057      0.136     0.131     0.133    12
  0.059     0.05       0.057     0.059     0.058    13
  0.056     0.026      0.063     0.056     0.059    14
  0.097     0.02       0.108     0.097     0.102    15
  0.045     0.016      0.044     0.045     0.044    16
  0.138     0.014      0.121     0.138     0.129    17
  0.048     0.007      0.065     0.048     0.055    18
  0         0.007      0         0         0        19
  0         0.007      0         0         0        20
  0         0.002      0         0         0        21
  0         0          0         0         0        22
  0         0.001      0         0         0        23
  0         0          0         0         0        24
  0         0          0         0         0        25
  0         0          0         0         0        26
  0         0          0         0         0        27
  0         0          0         0         0        28
  0         0          0         0         0        29

=== Confusion Matrix ===

   a   b   c   d   e   f   g   h   i   j   k   l   m   n   o   p   q   r   s   t   u   v   w   x   y   z  aa  ab  ac   <-- classified as
   0   0   1   0   0   0   0   0   0   0   0   0   0   0   0   0   0   0   0   0   0   0   0   0   0   0   0   0   0 |   a = 1
   0   0   1   0   0   0   0   0   0   0   0   0   0   0   0   0   0   0   0   0   0   0   0   0   0   0   0   0   0 |   b = 2
   0   0   0  12   1   1   1   0   0   0   0   0   0   0   0   0   0   0   0   0   0   0   0   0   0   0   0   0   0 |   c = 3
   0   0   7  19  21   6   1   2   0   1   0   0   0   0   0   0   0   0   0   0   0   0   0   0   0   0   0   0   0 |   d = 4
   0   0   2  18  38  35  15   4   3   0   0   0   0   0   0   0   0   0   0   0   0   0   0   0   0   0   0   0   0 |   e = 5
   0   0   0   9  32  64  88  38  12   6   4   4   1   0   0   0   0   0   0   0   0   0   1   0   0   0   0   0   0 |   f = 6
   0   0   1   2  14  84 107  89  39  21  14  11   2   4   1   1   1   0   0   0   0   0   0   0   0   0   0   0   0 |   g = 7
   0   0   0   1   5  37  98 128 129  77  38  21  19   7   3   2   2   0   0   1   0   0   0   0   0   0   0   0   0 |   h = 8
   0   0   0   0   5  13  55 125 159 132  99  44  20  15  10   7   3   1   0   1   0   0   0   0   0   0   0   0   0 |   i = 9
   0   0   0   0   0   8  23  85 145 149  86  44  36  21   7  10   5   6   4   3   1   0   1   0   0   0   0   0   0 |   j = 10
   0   0   0   0   0   3  14  37 107  87  98  42  37  11  21   9   8   4   3   5   1   0   0   0   0   0   0   0   0 |   k = 11
   0   0   0   0   0   5   7  19  42  54  48  35  17  14   6   6   2   4   3   3   2   0   0   0   0   0   0   0   0 |   l = 12
   0   0   0   0   1   2   5  12  20  39  38  18  12  11   8  10   7   3   8   6   1   0   2   0   0   0   0   0   0 |   m = 13
   0   0   0   0   0   0   4  10  11  21  22  12  15   7   7   5   7   3   0   2   0   0   0   0   0   0   0   0   0 |   n = 14
   0   0   0   0   0   0   1   5   8  17  20  11   8   7  10   2   5   3   2   2   0   2   0   0   0   0   0   0   0 |   o = 15
   0   0   0   0   0   0   0   3  11   9   9   6   8   2   2   3   6   2   1   2   2   0   1   0   0   0   0   0   0 |   p = 16
   0   0   0   0   0   0   0   2   4   5  10   0  12   4   4   3   8   1   1   3   1   0   0   0   0   0   0   0   0 |   q = 17
   0   0   0   0   0   0   0   2   3   7   4   3   2   5   4   2   4   2   3   1   0   0   0   0   0   0   0   0   0 |   r = 18
   0   0   0   0   0   0   0   1   2   6   4   3   9   0   3   2   1   1   0   0   0   0   0   0   0   0   0   0   0 |   s = 19
   0   0   0   0   0   0   0   0   1   1   3   0   7   3   1   3   3   1   2   0   1   0   0   0   0   0   0   0   0 |   t = 20
   0   0   0   0   0   0   0   0   0   1   4   0   1   0   2   2   2   0   1   1   0   0   0   0   0   0   0   0   0 |   u = 21
   0   0   0   0   0   0   0   0   1   0   0   1   1   0   2   1   0   0   0   0   0   0   0   0   0   0   0   0   0 |   v = 22
   0   0   0   0   0   0   0   0   0   2   1   2   2   0   0   0   0   0   1   1   0   0   0   0   0   0   0   0   0 |   w = 23
   0   0   0   0   0   0   0   0   0   0   0   0   0   0   1   0   1   0   0   0   0   0   0   0   0   0   0   0   0 |   x = 24
   0   0   0   0   0   0   0   0   0   0   0   0   1   0   0   0   0   0   0   0   0   0   0   0   0   0   0   0   0 |   y = 25
   0   0   0   0   0   0   0   0   0   0   0   0   0   0   0   0   0   0   0   0   0   0   1   0   0   0   0   0   0 |   z = 26
   0   0   0   0   0   0   0   0   0   0   0   1   0   0   1   0   0   0   0   0   0   0   0   0   0   0   0   0   0 |  aa = 27
   0   0   0   0   0   0   0   0   0   0   0   0   0   0   0   0   0   0   0   0   0   0   0   0   0   0   0   0   0 |  ab = 28
   0   0   0   0   0   0   0   0   0   0   0   0   0   0   0   0   1   0   0   0   0   0   0   0   0   0   0   0   0 |  ac = 29

