=== Run information ===

Scheme:       weka.classifiers.Bagging -S 1 -I 10 -P 100 -W weka.classifiers.DecisionStump --
Relation:     abalone
Instances:    4177
Attributes:   9
              sex
              length
              diameter
              height
              whole_w
              shucked_w
              viscera_w
              shell_w
              ring
Test mode:    10-fold cross-validation

=== Classifier model (full training set) ===

All the base classifiers: 

Decision Stump

Classifications

shell_w <= 0.16475 : 7
shell_w > 0.16475 : 10
shell_w is missing : 10

Class distributions

shell_w <= 0.16475
1	2	3	4	5	6	7	8	9	10	11	12	13	14	15	16	17	18	19	20	21	22	23	24	25	26	27	28	29	
0.0	0.0	0.00744047619047619	0.04985119047619048	0.08630952380952381	0.19642857142857142	0.22991071428571427	0.17038690476190477	0.11011904761904762	0.07068452380952381	0.03869047619047619	0.012648809523809524	0.013392857142857142	0.003720238095238095	0.002976190476190476	0.005208333333333333	0.0	7.44047619047619E-4	0.001488095238095238	0.0	0.0	0.0	0.0	0.0	0.0	0.0	0.0	0.0	0.0	
shell_w > 0.16475
1	2	3	4	5	6	7	8	9	10	11	12	13	14	15	16	17	18	19	20	21	22	23	24	25	26	27	28	29	
0.0	0.0	0.0	0.0	0.0	0.006000705965407695	0.02117896223085069	0.10942463819272856	0.18708083303918108	0.20861277797387928	0.14366396046593716	0.0921284857042005	0.05965407695022944	0.04482880338863396	0.02894458171549594	0.024708789269325803	0.025061771973173313	0.014119308153900459	0.013413342746205436	0.008118602188492764	0.0031768443346276033	0.0035298270384751147	0.002117896223085069	7.059654076950229E-4	3.5298270384751147E-4	3.5298270384751147E-4	0.0017649135192375574	0.0	0.0010589481115425344	
shell_w is missing
1	2	3	4	5	6	7	8	9	10	11	12	13	14	15	16	17	18	19	20	21	22	23	24	25	26	27	28	29	
0.0	0.0	0.0023940627244433805	0.016040220253770648	0.02777112760354321	0.06727316255685899	0.08834091453196073	0.1290399808474982	0.1623174527172612	0.1642327028968159	0.10988747905195116	0.06655494373952597	0.044768972947091215	0.031601627962652624	0.02058893943021307	0.01843428297821403	0.016997845343548	0.009815657170217859	0.009576250897773522	0.005506344266219775	0.0021546564519990424	0.0023940627244433805	0.0014364376346660283	4.7881254488867607E-4	2.3940627244433804E-4	2.3940627244433804E-4	0.0011970313622216902	0.0	7.182188173330142E-4	


Decision Stump

Classifications

shell_w <= 0.1445 : 7
shell_w > 0.1445 : 10
shell_w is missing : 10

Class distributions

shell_w <= 0.1445
1	2	3	4	5	6	7	8	9	10	11	12	13	14	15	16	17	18	19	20	21	22	23	24	25	26	27	28	29	
8.438818565400844E-4	8.438818565400844E-4	0.017721518987341773	0.03459915611814346	0.10886075949367088	0.20253164556962025	0.2852320675105485	0.16033755274261605	0.07932489451476793	0.056540084388185655	0.021940928270042195	0.010126582278481013	0.008438818565400843	0.005063291139240506	0.0033755274261603376	0.004219409282700422	0.0	0.0	0.0	0.0	0.0	0.0	0.0	0.0	0.0	0.0	0.0	0.0	0.0	
shell_w > 0.1445
1	2	3	4	5	6	7	8	9	10	11	12	13	14	15	16	17	18	19	20	21	22	23	24	25	26	27	28	29	
0.0	0.0	0.0	0.0	0.0	0.007018716577540107	0.024732620320855617	0.1300133689839572	0.19117647058823528	0.20621657754010694	0.15006684491978609	0.08455882352941177	0.06517379679144385	0.037098930481283425	0.029077540106951873	0.014371657754010695	0.016711229946524065	0.01771390374331551	0.009358288770053475	0.007018716577540107	0.002339572192513369	0.001336898395721925	0.0033422459893048127	6.684491978609625E-4	3.3422459893048126E-4	0.0	6.684491978609625E-4	0.0	0.001002673796791444	
shell_w is missing
1	2	3	4	5	6	7	8	9	10	11	12	13	14	15	16	17	18	19	20	21	22	23	24	25	26	27	28	29	
2.3940627244433804E-4	2.3940627244433804E-4	0.005027531721331099	0.009815657170217859	0.030883409145319608	0.06248503710797223	0.09863538424706728	0.13861623174527174	0.15944457744792914	0.16375389035192722	0.11371797941106057	0.06344266219774958	0.049078285851089296	0.02801053387598755	0.021785970792434762	0.011491501077328227	0.011970313622216903	0.012688532439549916	0.006703375628441465	0.005027531721331099	0.0016758439071103662	9.576250897773521E-4	0.0023940627244433805	4.7881254488867607E-4	2.3940627244433804E-4	0.0	4.7881254488867607E-4	0.0	7.182188173330142E-4	


Decision Stump

Classifications

shell_w <= 0.14425 : 7
shell_w > 0.14425 : 9
shell_w is missing : 9

Class distributions

shell_w <= 0.14425
1	2	3	4	5	6	7	8	9	10	11	12	13	14	15	16	17	18	19	20	21	22	23	24	25	26	27	28	29	
8.849557522123894E-4	0.0017699115044247787	0.01327433628318584	0.06460176991150443	0.10265486725663717	0.20530973451327433	0.23893805309734514	0.16371681415929204	0.10088495575221239	0.04424778761061947	0.030973451327433628	0.019469026548672566	0.007964601769911504	0.0	0.0	0.002654867256637168	0.0	0.002654867256637168	0.0	0.0	0.0	0.0	0.0	0.0	0.0	0.0	0.0	0.0	0.0	
shell_w > 0.14425
1	2	3	4	5	6	7	8	9	10	11	12	13	14	15	16	17	18	19	20	21	22	23	24	25	26	27	28	29	
0.0	0.0	0.0	0.0	0.0	0.007876599934361668	0.032490974729241874	0.11683623235969806	0.2008532983262225	0.19002297341647523	0.15359369872005252	0.07876599934361667	0.062356416147029865	0.03807023301608139	0.03478831637676403	0.017394158188382015	0.021988841483426322	0.013455858221201182	0.009517558254020347	0.008861174926156876	0.004594683295044306	0.002953724975385625	0.002625533311453889	9.845749917952085E-4	6.563833278634722E-4	3.281916639317361E-4	6.563833278634722E-4	0.0	3.281916639317361E-4	
shell_w is missing
1	2	3	4	5	6	7	8	9	10	11	12	13	14	15	16	17	18	19	20	21	22	23	24	25	26	27	28	29	
2.3940627244433804E-4	4.7881254488867607E-4	0.0035910940866650705	0.017476657888436678	0.02777112760354321	0.06128800574575054	0.08834091453196073	0.1295187933923869	0.1738089537945894	0.15058654536748864	0.12042135503950203	0.06272444338041656	0.04764184821642327	0.02777112760354321	0.025377064879099832	0.01340675125688293	0.016040220253770648	0.010533875987550874	0.006942781900885803	0.006463969355997127	0.0033516878142207324	0.0021546564519990424	0.0019152501795547043	7.182188173330142E-4	4.7881254488867607E-4	2.3940627244433804E-4	4.7881254488867607E-4	0.0	2.3940627244433804E-4	


Decision Stump

Classifications

shell_w <= 0.14375 : 7
shell_w > 0.14375 : 9
shell_w is missing : 9

Class distributions

shell_w <= 0.14375
1	2	3	4	5	6	7	8	9	10	11	12	13	14	15	16	17	18	19	20	21	22	23	24	25	26	27	28	29	
0.0	8.375209380234506E-4	0.010050251256281407	0.03936348408710218	0.09128978224455611	0.20100502512562815	0.2663316582914573	0.18341708542713567	0.09296482412060302	0.049413735343383586	0.03098827470686767	0.020938023450586266	0.008375209380234505	8.375209380234506E-4	0.0016750418760469012	0.002512562814070352	0.0	0.0	0.0	0.0	0.0	0.0	0.0	0.0	0.0	0.0	0.0	0.0	0.0	
shell_w > 0.14375
1	2	3	4	5	6	7	8	9	10	11	12	13	14	15	16	17	18	19	20	21	22	23	24	25	26	27	28	29	
0.0	0.0	0.0	0.0	0.0	0.007039892725444184	0.029835735836406304	0.12269527321488434	0.19409989943010392	0.1910828025477707	0.15320147502514248	0.07743881997988603	0.061012403620516256	0.038887026483405966	0.03687562856185048	0.018773047267851155	0.019443513241702983	0.015085484411666107	0.009051290646999664	0.008716057660073752	0.0077103586992960105	0.0016761649346295675	0.004022795843110962	0.0010056989607777405	0.0	3.3523298692591353E-4	0.0010056989607777405	0.0	0.0010056989607777405	
shell_w is missing
1	2	3	4	5	6	7	8	9	10	11	12	13	14	15	16	17	18	19	20	21	22	23	24	25	26	27	28	29	
0.0	2.3940627244433804E-4	0.0028728752693320567	0.011252094804883888	0.026095283696432846	0.06248503710797223	0.09743835288484558	0.14005266937993777	0.16519032798659325	0.15058654536748864	0.118266698587503	0.06128800574575054	0.045966004309312906	0.02801053387598755	0.02681350251376586	0.014124970074215945	0.013885563801771606	0.010773282259995211	0.006463969355997127	0.0062245630835527895	0.005506344266219775	0.0011970313622216902	0.0028728752693320567	7.182188173330142E-4	0.0	2.3940627244433804E-4	7.182188173330142E-4	0.0	7.182188173330142E-4	


Decision Stump

Classifications

shell_w <= 0.16225 : 7
shell_w > 0.16225 : 10
shell_w is missing : 9

Class distributions

shell_w <= 0.16225
1	2	3	4	5	6	7	8	9	10	11	12	13	14	15	16	17	18	19	20	21	22	23	24	25	26	27	28	29	
0.0	0.0	0.00873998543335761	0.03058994901675164	0.08448652585579024	0.19810633648943918	0.2403495994173343	0.18718135469774216	0.10924981791697014	0.06263656227239621	0.033503277494537506	0.01820830298616169	0.012381646030589949	0.0065549890750182084	0.004369992716678805	0.0021849963583394027	0.0	0.0014566642388929353	0.0	0.0	0.0	0.0	0.0	0.0	0.0	0.0	0.0	0.0	0.0	
shell_w > 0.16225
1	2	3	4	5	6	7	8	9	10	11	12	13	14	15	16	17	18	19	20	21	22	23	24	25	26	27	28	29	
0.0	0.0	0.0	0.0	0.0	0.0046362339514978606	0.020328102710413694	0.10770328102710414	0.18223965763195435	0.19757489300998574	0.15014265335235377	0.09807417974322397	0.06562054208273894	0.04814550641940086	0.03601997146932953	0.023537803138373753	0.018544935805991442	0.01390870185449358	0.011412268188302425	0.00891583452211127	0.004992867332382311	0.0024964336661911554	0.003566333808844508	7.132667617689016E-4	0.0	7.132667617689016E-4	3.566333808844508E-4	0.0	3.566333808844508E-4	
shell_w is missing
1	2	3	4	5	6	7	8	9	10	11	12	13	14	15	16	17	18	19	20	21	22	23	24	25	26	27	28	29	
0.0	0.0	0.0028728752693320567	0.010055063442662198	0.02777112760354321	0.06823078764663634	0.09265022743595883	0.13382810629638497	0.15824754608570746	0.15322001436437635	0.11180272923150586	0.07182188173330141	0.04812066076131195	0.03447450323198468	0.02561647115154417	0.016519032798659326	0.012449126167105579	0.009815657170217859	0.007661000718218817	0.005985156811108451	0.0033516878142207324	0.0016758439071103662	0.0023940627244433805	4.7881254488867607E-4	0.0	4.7881254488867607E-4	2.3940627244433804E-4	0.0	2.3940627244433804E-4	


Decision Stump

Classifications

shell_w <= 0.15925 : 7
shell_w > 0.15925 : 9
shell_w is missing : 9

Class distributions

shell_w <= 0.15925
1	2	3	4	5	6	7	8	9	10	11	12	13	14	15	16	17	18	19	20	21	22	23	24	25	26	27	28	29	
0.0	0.0	0.011695906432748537	0.04239766081871345	0.08552631578947369	0.1878654970760234	0.23830409356725146	0.19809941520467836	0.10599415204678363	0.06067251461988304	0.033625730994152045	0.016812865497076022	0.012426900584795321	0.003654970760233918	7.309941520467836E-4	0.0021929824561403508	0.0	0.0	0.0	0.0	0.0	0.0	0.0	0.0	0.0	0.0	0.0	0.0	0.0	
shell_w > 0.15925
1	2	3	4	5	6	7	8	9	10	11	12	13	14	15	16	17	18	19	20	21	22	23	24	25	26	27	28	29	
0.0	0.0	0.0	0.0	0.0	0.003203987184051264	0.019579921680313278	0.11819152723389106	0.21039515841936632	0.20576717693129226	0.1502313990744037	0.07369170523317907	0.06443574225703097	0.03987184051263795	0.032039871840512636	0.019223923104307584	0.017443930224279102	0.01067995728017088	0.012815948736205056	0.0088999644001424	0.006051975792096832	0.001423994304022784	0.004627981488074048	7.11997152011392E-4	3.55998576005696E-4	0.0	3.55998576005696E-4	0.0	0.0	
shell_w is missing
1	2	3	4	5	6	7	8	9	10	11	12	13	14	15	16	17	18	19	20	21	22	23	24	25	26	27	28	29	
0.0	0.0	0.0038305003591094086	0.013885563801771606	0.02801053387598755	0.06368206847019392	0.0912137898012928	0.14436198228393585	0.1762030165190328	0.15824754608570746	0.1120421355039502	0.05506344266219775	0.04740244194397893	0.02801053387598755	0.021785970792434762	0.013646157529327269	0.011730907349772564	0.007182188173330141	0.00861862580799617	0.005985156811108451	0.004069906631553747	9.576250897773521E-4	0.0031122815417763947	4.7881254488867607E-4	2.3940627244433804E-4	0.0	2.3940627244433804E-4	0.0	0.0	


Decision Stump

Classifications

shell_w <= 0.1445 : 7
shell_w > 0.1445 : 10
shell_w is missing : 9

Class distributions

shell_w <= 0.1445
1	2	3	4	5	6	7	8	9	10	11	12	13	14	15	16	17	18	19	20	21	22	23	24	25	26	27	28	29	
8.431703204047217E-4	0.0	0.016020236087689713	0.05733558178752108	0.09696458684654301	0.20067453625632378	0.2563237774030354	0.178752107925801	0.08684654300168634	0.049747048903878585	0.025295109612141653	0.013490725126475547	0.008431703204047217	0.003372681281618887	0.0016863406408094434	0.0042158516020236085	0.0	0.0	0.0	0.0	0.0	0.0	0.0	0.0	0.0	0.0	0.0	0.0	0.0	
shell_w > 0.1445
1	2	3	4	5	6	7	8	9	10	11	12	13	14	15	16	17	18	19	20	21	22	23	24	25	26	27	28	29	
0.0	0.0	0.0	0.0	0.0	0.004680708793045804	0.028084252758274825	0.12236710130391174	0.1899030424607155	0.1995987963891675	0.1471079906385824	0.08525576730190572	0.06586425944500167	0.03610832497492478	0.031761952524239384	0.02574389836175192	0.017719826145101973	0.014042126379137413	0.012704781009695755	0.007355399531929121	0.003343363423604146	0.0026746907388833165	0.003009027081243731	0.001671681711802073	3.3433634236041456E-4	0.0	3.3433634236041456E-4	0.0	3.3433634236041456E-4	
shell_w is missing
1	2	3	4	5	6	7	8	9	10	11	12	13	14	15	16	17	18	19	20	21	22	23	24	25	26	27	28	29	
2.3940627244433804E-4	0.0	0.004548719176442423	0.016279626526214987	0.027531721331098876	0.06033038065597319	0.09288963370840315	0.1383768254728274	0.16064160881015083	0.15705051472348575	0.11252094804883887	0.0648790998324156	0.04955709839597797	0.02681350251376586	0.02322240842710079	0.019631314340435718	0.012688532439549916	0.010055063442662198	0.009097438352884846	0.005266937993775437	0.0023940627244433805	0.0019152501795547043	0.0021546564519990424	0.0011970313622216902	2.3940627244433804E-4	0.0	2.3940627244433804E-4	0.0	2.3940627244433804E-4	


Decision Stump

Classifications

shell_w <= 0.1595 : 7
shell_w > 0.1595 : 10
shell_w is missing : 9

Class distributions

shell_w <= 0.1595
1	2	3	4	5	6	7	8	9	10	11	12	13	14	15	16	17	18	19	20	21	22	23	24	25	26	27	28	29	
0.0	0.0	0.012648809523809524	0.036458333333333336	0.09375	0.18675595238095238	0.25	0.17485119047619047	0.0974702380952381	0.061755952380952384	0.027529761904761904	0.025297619047619048	0.019345238095238096	0.005952380952380952	7.44047619047619E-4	0.005952380952380952	0.0	0.001488095238095238	0.0	0.0	0.0	0.0	0.0	0.0	0.0	0.0	0.0	0.0	0.0	
shell_w > 0.1595
1	2	3	4	5	6	7	8	9	10	11	12	13	14	15	16	17	18	19	20	21	22	23	24	25	26	27	28	29	
0.0	0.0	0.0	0.0	0.0	0.003882809742322626	0.02435580656547829	0.107659724673491	0.19343452170843628	0.19767031415460642	0.15107659724673492	0.08718672785033534	0.06918460995411224	0.04165195905400635	0.032121426050123546	0.025061771973173313	0.020472996823155665	0.012707377338510413	0.01200141193081539	0.009177550300035298	0.0035298270384751147	0.0028238616307800918	0.0031768443346276033	0.0010589481115425344	0.0	7.059654076950229E-4	0.0010589481115425344	0.0	0.0	
shell_w is missing
1	2	3	4	5	6	7	8	9	10	11	12	13	14	15	16	17	18	19	20	21	22	23	24	25	26	27	28	29	
0.0	0.0	0.004069906631553747	0.011730907349772564	0.030165190327986594	0.06272444338041656	0.0969595403399569	0.12927938711994255	0.16255685898970554	0.15393823318170935	0.11132391668661719	0.06727316255685899	0.05314819248264305	0.030165190327986594	0.0220253770648791	0.018913095523102705	0.013885563801771606	0.009097438352884846	0.008139813263107493	0.0062245630835527895	0.0023940627244433805	0.0019152501795547043	0.0021546564519990424	7.182188173330142E-4	0.0	4.7881254488867607E-4	7.182188173330142E-4	0.0	0.0	


Decision Stump

Classifications

shell_w <= 0.15925 : 7
shell_w > 0.15925 : 9
shell_w is missing : 9

Class distributions

shell_w <= 0.15925
1	2	3	4	5	6	7	8	9	10	11	12	13	14	15	16	17	18	19	20	21	22	23	24	25	26	27	28	29	
0.0	7.616146230007616E-4	0.007616146230007616	0.04265041888804265	0.08225437928408226	0.17974105102817975	0.23153084539223154	0.19954303122619954	0.09444021325209444	0.06778370144706779	0.041888804265041886	0.026656511805026657	0.014470677837014471	0.002284843869002285	0.005331302361005331	0.0015232292460015233	0.0	0.0015232292460015233	0.0	0.0	0.0	0.0	0.0	0.0	0.0	0.0	0.0	0.0	0.0	
shell_w > 0.15925
1	2	3	4	5	6	7	8	9	10	11	12	13	14	15	16	17	18	19	20	21	22	23	24	25	26	27	28	29	
0.0	0.0	0.0	0.0	0.0	0.0031424581005586594	0.026187150837988827	0.11173184357541899	0.19168994413407822	0.1854050279329609	0.1627094972067039	0.08659217877094973	0.06284916201117319	0.04818435754189944	0.03282122905027933	0.020600558659217876	0.019902234636871508	0.015363128491620111	0.0111731843575419	0.009427374301675978	0.006284916201117319	0.001047486033519553	0.002793296089385475	0.001047486033519553	3.4916201117318437E-4	3.4916201117318437E-4	0.0	0.0	3.4916201117318437E-4	
shell_w is missing
1	2	3	4	5	6	7	8	9	10	11	12	13	14	15	16	17	18	19	20	21	22	23	24	25	26	27	28	29	
0.0	2.3940627244433804E-4	0.0023940627244433805	0.01340675125688293	0.025855877423988507	0.05865453674886282	0.09073497725640411	0.13933445056260474	0.1611204213550395	0.14843188891548958	0.12473066794350011	0.06775197510174767	0.04764184821642327	0.033756284414651665	0.02418003351687814	0.014603782619104621	0.013646157529327269	0.01101268853243955	0.007661000718218817	0.006463969355997127	0.004309312903998085	7.182188173330142E-4	0.0019152501795547043	7.182188173330142E-4	2.3940627244433804E-4	2.3940627244433804E-4	0.0	0.0	2.3940627244433804E-4	


Decision Stump

Classifications

shell_w <= 0.1515 : 7
shell_w > 0.1515 : 9
shell_w is missing : 9

Class distributions

shell_w <= 0.1515
1	2	3	4	5	6	7	8	9	10	11	12	13	14	15	16	17	18	19	20	21	22	23	24	25	26	27	28	29	
7.604562737642585E-4	0.0	0.015209125475285171	0.049429657794676805	0.08365019011406843	0.19391634980988592	0.25247148288973387	0.20836501901140683	0.09125475285171103	0.050190114068441066	0.022053231939163497	0.013688212927756654	0.009125475285171103	0.0045627376425855515	0.0022813688212927757	0.003041825095057034	0.0	0.0	0.0	0.0	0.0	0.0	0.0	0.0	0.0	0.0	0.0	0.0	0.0	
shell_w > 0.1515
1	2	3	4	5	6	7	8	9	10	11	12	13	14	15	16	17	18	19	20	21	22	23	24	25	26	27	28	29	
0.0	0.0	0.0	0.0	0.0	0.004542278127183787	0.027603074772886094	0.10971348707197764	0.1893780573025856	0.18553459119496854	0.15583508036338226	0.08525506638714186	0.06638714185883997	0.03843466107617051	0.03179594689028651	0.023410202655485674	0.026904262753319357	0.01607267645003494	0.01222921034241789	0.010482180293501049	0.003843466107617051	0.005590496156533892	0.0031446540880503146	6.988120195667365E-4	3.4940600978336826E-4	6.988120195667365E-4	0.001397624039133473	0.0	6.988120195667365E-4	
shell_w is missing
1	2	3	4	5	6	7	8	9	10	11	12	13	14	15	16	17	18	19	20	21	22	23	24	25	26	27	28	29	
2.3940627244433804E-4	0.0	0.004788125448886761	0.015561407708881973	0.026334689968877185	0.06416088101508259	0.09839597797462293	0.14077088819727077	0.15848695235815177	0.14292554464926982	0.11371797941106057	0.06272444338041656	0.04836006703375628	0.02777112760354321	0.022504189609767775	0.016997845343548	0.01843428297821403	0.01101268853243955	0.008379219535551832	0.007182188173330141	0.0026334689968877186	0.0038305003591094086	0.0021546564519990424	4.7881254488867607E-4	2.3940627244433804E-4	4.7881254488867607E-4	9.576250897773521E-4	0.0	4.7881254488867607E-4	




Time taken to build model: 3.11 seconds

=== Stratified cross-validation ===
=== Summary ===

Correctly Classified Instances         886               21.2114 %
Incorrectly Classified Instances      3291               78.7886 %
Kappa statistic                          0.0808
Mean absolute error                      0.0595
Root mean squared error                  0.1724
Relative absolute error                 96.2584 %
Root relative squared error             98.1132 %
Total Number of Instances             4177     

=== Detailed Accuracy By Class ===

TP Rate   FP Rate   Precision   Recall  F-Measure   Class
  0         0          0         0         0        1
  0         0          0         0         0        2
  0         0          0         0         0        3
  0         0          0         0         0        4
  0         0          0         0         0        5
  0         0          0         0         0        6
  0.793     0.24       0.255     0.793     0.385    7
  0.04      0.012      0.343     0.04      0.072    8
  0.733     0.608      0.192     0.733     0.305    9
  0.076     0.062      0.18      0.076     0.107    10
  0         0          0         0         0        11
  0         0          0         0         0        12
  0         0          0         0         0        13
  0         0          0         0         0        14
  0         0          0         0         0        15
  0         0          0         0         0        16
  0         0          0         0         0        17
  0         0          0         0         0        18
  0         0          0         0         0        19
  0         0          0         0         0        20
  0         0          0         0         0        21
  0         0          0         0         0        22
  0         0          0         0         0        23
  0         0          0         0         0        24
  0         0          0         0         0        25
  0         0          0         0         0        26
  0         0          0         0         0        27
  0         0          0         0         0        28
  0         0          0         0         0        29

=== Confusion Matrix ===

   a   b   c   d   e   f   g   h   i   j   k   l   m   n   o   p   q   r   s   t   u   v   w   x   y   z  aa  ab  ac   <-- classified as
   0   0   0   0   0   0   1   0   0   0   0   0   0   0   0   0   0   0   0   0   0   0   0   0   0   0   0   0   0 |   a = 1
   0   0   0   0   0   0   1   0   0   0   0   0   0   0   0   0   0   0   0   0   0   0   0   0   0   0   0   0   0 |   b = 2
   0   0   0   0   0   0  15   0   0   0   0   0   0   0   0   0   0   0   0   0   0   0   0   0   0   0   0   0   0 |   c = 3
   0   0   0   0   0   0  57   0   0   0   0   0   0   0   0   0   0   0   0   0   0   0   0   0   0   0   0   0   0 |   d = 4
   0   0   0   0   0   0 115   0   0   0   0   0   0   0   0   0   0   0   0   0   0   0   0   0   0   0   0   0   0 |   e = 5
   0   0   0   0   0   0 242   1  13   3   0   0   0   0   0   0   0   0   0   0   0   0   0   0   0   0   0   0   0 |   f = 6
   0   0   0   0   0   0 310   6  72   3   0   0   0   0   0   0   0   0   0   0   0   0   0   0   0   0   0   0   0 |   g = 7
   0   0   0   0   0   0 213  23 303  29   0   0   0   0   0   0   0   0   0   0   0   0   0   0   0   0   0   0   0 |   h = 8
   0   0   0   0   0   0 117  15 505  52   0   0   0   0   0   0   0   0   0   0   0   0   0   0   0   0   0   0   0 |   i = 9
   0   0   0   0   0   0  68   6 512  48   0   0   0   0   0   0   0   0   0   0   0   0   0   0   0   0   0   0   0 |   j = 10
   0   0   0   0   0   0  34   6 405  42   0   0   0   0   0   0   0   0   0   0   0   0   0   0   0   0   0   0   0 |   k = 11
   0   0   0   0   0   0  20   4 218  25   0   0   0   0   0   0   0   0   0   0   0   0   0   0   0   0   0   0   0 |   l = 12
   0   0   0   0   0   0  13   4 167  19   0   0   0   0   0   0   0   0   0   0   0   0   0   0   0   0   0   0   0 |   m = 13
   0   0   0   0   0   0   3   1 110  12   0   0   0   0   0   0   0   0   0   0   0   0   0   0   0   0   0   0   0 |   n = 14
   0   0   0   0   0   0   4   0  90   9   0   0   0   0   0   0   0   0   0   0   0   0   0   0   0   0   0   0   0 |   o = 15
   0   0   0   0   0   0   4   0  57   6   0   0   0   0   0   0   0   0   0   0   0   0   0   0   0   0   0   0   0 |   p = 16
   0   0   0   0   0   0   0   0  52   6   0   0   0   0   0   0   0   0   0   0   0   0   0   0   0   0   0   0   0 |   q = 17
   0   0   0   0   0   0   1   1  36   4   0   0   0   0   0   0   0   0   0   0   0   0   0   0   0   0   0   0   0 |   r = 18
   0   0   0   0   0   0   0   0  30   2   0   0   0   0   0   0   0   0   0   0   0   0   0   0   0   0   0   0   0 |   s = 19
   0   0   0   0   0   0   0   0  24   2   0   0   0   0   0   0   0   0   0   0   0   0   0   0   0   0   0   0   0 |   t = 20
   0   0   0   0   0   0   0   0  13   1   0   0   0   0   0   0   0   0   0   0   0   0   0   0   0   0   0   0   0 |   u = 21
   0   0   0   0   0   0   0   0   6   0   0   0   0   0   0   0   0   0   0   0   0   0   0   0   0   0   0   0   0 |   v = 22
   0   0   0   0   0   0   0   0   8   1   0   0   0   0   0   0   0   0   0   0   0   0   0   0   0   0   0   0   0 |   w = 23
   0   0   0   0   0   0   0   0   2   0   0   0   0   0   0   0   0   0   0   0   0   0   0   0   0   0   0   0   0 |   x = 24
   0   0   0   0   0   0   0   0   1   0   0   0   0   0   0   0   0   0   0   0   0   0   0   0   0   0   0   0   0 |   y = 25
   0   0   0   0   0   0   0   0   1   0   0   0   0   0   0   0   0   0   0   0   0   0   0   0   0   0   0   0   0 |   z = 26
   0   0   0   0   0   0   0   0   1   1   0   0   0   0   0   0   0   0   0   0   0   0   0   0   0   0   0   0   0 |  aa = 27
   0   0   0   0   0   0   0   0   0   0   0   0   0   0   0   0   0   0   0   0   0   0   0   0   0   0   0   0   0 |  ab = 28
   0   0   0   0   0   0   0   0   0   1   0   0   0   0   0   0   0   0   0   0   0   0   0   0   0   0   0   0   0 |  ac = 29

