DATA FILE
0	0
0.01	0.01
0.02	0.020001
0.03	0.030005
0.04	0.040014
0.05	0.05003
0.06	0.060055
0.07	0.070091
0.08	0.08014
0.09	0.090204
0.1	0.100286
0.11	0.110386
0.12	0.120508
0.13	0.130653
0.14	0.140824
0.15	0.151022
0.16	0.161251
0.17	0.171511
0.18	0.181805
0.19	0.192135
0.2	0.202504
0.21	0.212915
0.22	0.223368
0.23	0.233867
0.24	0.244414
0.25	0.255011
0.26	0.265661
0.27	0.276367
0.28	0.287131
0.29	0.297955
0.3	0.308843
0.31	0.319797
0.32	0.33082
0.33	0.341914
0.34	0.353083
0.35	0.36433
0.36	0.375657
0.37	0.387068
0.38	0.398567
0.39	0.410155
0.4	0.421837
0.41	0.433617
0.42	0.445497
0.43	0.457482
0.44	0.469575
0.45	0.48178
0.46	0.494101
0.47	0.506542
0.48	0.519108
0.49	0.531803
0.5	0.544631
0.51	0.557597
0.52	0.570706
0.53	0.583963
0.54	0.597373
0.55	0.610942
0.56	0.624675
0.57	0.638577
0.58	0.652655
0.59	0.666914
0.6	0.681362
0.61	0.696004
0.62	0.710849
0.63	0.725902
0.64	0.741171
0.65	0.756664
0.66	0.77239
0.67	0.788356
0.68	0.804571
0.69	0.821044
0.7	0.837785
0.71	0.854804
0.72	0.872111
0.73	0.889717
0.74	0.907633
0.75	0.925871
0.76	0.944443
0.77	0.963363
0.78	0.982643
0.79	1.002299
0.8	1.022345
0.81	1.042797
0.82	1.063671
0.83	1.084985
0.84	1.106757
0.85	1.129006
0.86	1.151753
0.87	1.175018
0.88	1.198825
0.89	1.223197
0.9	1.248159
0.91	1.273738
0.92	1.299962
0.93	1.326861
0.94	1.354467
0.95	1.382812
0.96	1.411934
0.97	1.44187
0.98	1.47266
0.99	1.504347
1	1.536977
1.01	1.571645
1.02	1.607449
1.03	1.644453
1.04	1.682727
1.05	1.722347
1.06	1.763394
1.07	1.805956
1.08	1.850128
1.09	1.896014
1.1	1.943726
1.11	1.993387
1.12	2.04513
1.13	2.099102
1.14	2.155464
1.15	2.21439
1.16	2.276074
1.17	2.340731
1.18	2.408596
1.19	2.479932
1.2	2.55503
1.21	2.634216
1.22	2.717853
1.23	2.806349
1.24	2.900165
1.25	2.999822
1.26	3.10591
1.27	3.219104
1.28	3.340175
1.29	3.470012
1.3	3.609642
1.31	3.760262
1.32	3.923273
1.33	4.101399
1.34	4.295831
1.35	4.509003
1.36	4.74387
1.37	5.004046
1.38	5.294013
1.39	5.619392
1.4	5.987335
1.41	6.407102
1.42	6.891946
1.43	7.457925
1.44	8.128233
1.45	8.936137
1.46	9.932439
1.47	11.195266
1.48	12.858296
1.49	15.168914
1.5	18.660255
