DATA FILE
0	1
0.01	0.99
0.02	0.9801
0.03	0.970299
0.04	0.960596
0.05	0.95099
0.06	0.94148
0.07	0.932065
0.08	0.922745
0.09	0.913517
0.1	0.904382
0.11	0.895338
0.12	0.886385
0.13	0.877521
0.14	0.868746
0.15	0.860058
0.16	0.851458
0.17	0.842943
0.18	0.834514
0.19	0.826169
0.2	0.817907
0.21	0.809728
0.22	0.801631
0.23	0.793614
0.24	0.785678
0.25	0.777821
0.26	0.770043
0.27	0.762343
0.28	0.754719
0.29	0.747172
0.3	0.7397
0.31	0.732303
0.32	0.72498
0.33	0.717731
0.34	0.710553
0.35	0.703448
0.36	0.696413
0.37	0.689449
0.38	0.682555
0.39	0.675729
0.4	0.668972
0.41	0.662282
0.42	0.655659
0.43	0.649103
0.44	0.642612
0.45	0.636185
0.46	0.629824
0.47	0.623525
0.48	0.61729
0.49	0.611117
0.5	0.605006
0.51	0.598956
0.52	0.592966
0.53	0.587037
0.54	0.581166
0.55	0.575355
0.56	0.569601
0.57	0.563905
0.58	0.558266
0.59	0.552683
0.6	0.547157
0.61	0.541685
0.62	0.536268
0.63	0.530906
0.64	0.525596
0.65	0.520341
0.66	0.515137
0.67	0.509986
0.68	0.504886
0.69	0.499837
0.7	0.494839
0.71	0.48989
0.72	0.484991
0.73	0.480141
0.74	0.47534
0.75	0.470587
0.76	0.465881
0.77	0.461222
0.78	0.45661
0.79	0.452044
0.8	0.447523
0.81	0.443048
0.82	0.438618
0.83	0.434231
0.84	0.429889
0.85	0.42559
0.86	0.421334
0.87	0.417121
0.88	0.41295
0.89	0.40882
0.9	0.404732
0.91	0.400685
0.92	0.396678
0.93	0.392711
0.94	0.388784
0.95	0.384896
0.96	0.381047
0.97	0.377237
0.98	0.373464
0.99	0.36973
1	0.366032
